00010001 576 
00010002 528 
00010003 660 
00010004 589 
00010005 445 
00010006 727 
00010007 447 
00010008 510 
00010009 313 
00010010 356 
00020001 459 
00020002 429 
00020003 425 
00020004 545 
00020005 455 
00020006 469 
00020007 457 
00020008 498 
00020009 487 
00020010 219 
00020011 286 
00020012 467 
00020013 237 
00020014 249 
00020015 509 
00020016 488 
00020017 482 
00020018 515 
00020019 397 
00020020 510 
00020021 413 
00020022 411 
00020023 542 
00020024 522 
00020025 555 
00020026 553 
00030008 553 
00030010 522 
00030012 250 
00030018 497 
00030020 628 
00030027 647 
00030028 230 
00040001 175 
00040002 223 
00040003 250 
00040004 226 
00040005 344 
00040006 255 
00040007 241 
00040008 513 
00040009 398 
00050001 387 
00050002 365 
00050003 425 
00050004 390 
00050005 424 
00050006 718 
00050007 429 
00050008 288 
00050009 303 
00060001 410 
00060002 366 
00060003 753 
00060004 280 
00060005 243 
00060006 429 
00070001 479 
00070002 885 
00070003 82 
00070004 271 
00070005 269 
00070006 578 
00080001 697 
00080002 314 
00080003 388 
00080004 238 
00080005 371 
00080006 354 
00080007 292 
00080020 230 
00080025 288 
00080026 333 
00080027 173 
00090001 380 
00090002 419 
00090003 412 
00090004 204 
00100001 200 
00100002 149 
00100003 215 
00100004 202 
00100005 217 
00100006 298 
00100007 383 
00110001 359 
00110002 340 
00110003 622 
00110004 473 
00110005 285 
00110006 183 
00110007 473 
00110008 183 
00110009 146 
00110010 111 
00110011 297 
00110012 446 
00120014 231 
00130005 209 
00130006 242 
00130007 294 
00130008 174 
00130009 299 
00130010 271 
00150001 583 
00150002 578 
00150003 152 
00150004 498 
00150005 272 
00150006 220 
00150007 552 
00150008 546 
00150009 383 
00150010 264 
00150011 340 
00150012 353 
00150013 445 
00160001 477 
00160002 594 
00160003 381 
00160004 406 
00160005 552 
00180001 375 
00180002 405 
00180003 668 
00180004 366 
00180005 267 
00180006 454 
00180007 434 
00180009 125 
00180010 231 
00180011 424 
00180012 465 
00180013 376 
00180014 390 
00180015 285 
00180016 287 
00180017 186 
00180018 178 
00180019 436 
00180020 208 
00190001 303 
00190002 371 
00190003 288 
00190004 439 
00190005 356 
00190006 472 
00190007 372 
00190008 487 
00190009 358 
00190010 428 
00190011 371 
00190012 521 
00190013 700 
00200001 388 
00200002 301 
00200003 475 
00200004 342 
00200005 437 
00200006 413 
00200007 365 
00200008 271 
00210001 521 
00210002 666 
00210003 747 
00210004 662 
00210005 651 
00210006 693 
00210007 162 
00210008 484 
00210009 618 
00210010 729 
00210011 543 
00210012 646 
00210013 681 
00210014 675 
00210015 770 
00220001 567 
00220002 600 
00220003 607 
00220004 588 
00220005 681 
00220006 685 
00220007 748 
00220008 253 
00230001 560 
00230002 503 
00230003 502 
00230004 623 
00230005 574 
00230006 525 
00230007 565 
00230008 632 
00230009 645 
00230010 573 
00230011 619 
00230012 548 
00240001 317 
00240002 248 
00240003 417 
00240004 210 
00240005 320 
00240006 280 
00240007 515 
00240008 301 
00240009 237 
00240010 296 
00240011 285 
00240012 397 
00240013 305 
00240014 390 
00520002 194 
00520005 594 
00520006 494 
00530002 416 
00530003 472 
00530004 494 
00530006 444 
00530007 352 
00530008 200 
00530009 400 
00530010 544 
00530011 440 
00610001 217 
00610002 164 
00610003 365 
00610004 504 
00610005 636 
00610006 515 
00610007 608 
00610008 595 
00610009 581 
00610010 559 
00610011 585 
00610012 416 
00610013 352 
00610014 675 
00610020 390 
00610021 359 
00610023 335 
01150001 149 
01150002 483 
01150003 141 
01150004 410 
01150005 160 
01150006 503 
01150007 149 
01150008 429 
01150009 545 
01150010 555 
01150011 535 
01150012 289 
01150013 316 
01150014 347 
01150015 384 
01150016 621 
01150017 652 
01150018 533 
01150019 170 
01150020 232 
01150021 235 
01150022 259 
01150023 363 
01150024 377 
01150025 728 
01150026 66 
01160001 208 
01160002 287 
01160003 290 
01160004 288 
01160005 309 
01160006 287 
01170001 256 
01170002 226 
01170003 256 
01170004 588 
01170005 212 
01170006 321 
01170007 217 
01170008 248 
01170009 269 
01180001 324 
01180002 295 
01180003 554 
01180004 293 
01180005 286 
01180006 321 
01180009 280 
01180010 525 
01180011 323 
01180012 282 
01180013 315 
01190001 542 
01190002 564 
01190003 523 
01190004 249 
01200001 406 
01200002 386 
01200003 435 
01200004 385 
01200005 428 
01200006 375 
01200007 424 
01200008 315 
01210001 546 
01210002 339 
01210003 308 
01210004 425 
01220001 418 
01220002 404 
01220003 391 
01220004 229 
01220005 486 
01230001 298 
01230002 304 
01230003 672 
01230004 311 
01230005 314 
01230006 316 
01230007 286 
01230008 206 
01230009 494 
01230010 354 
01230011 424 
01230012 325 
01230013 341 
01230014 380 
01230015 511 
01230016 302 
01230017 371 
01230018 270 
01230019 290 
01240001 601 
01240002 375 
01240003 262 
01240004 644 
01240005 423 
01240006 204 
01240007 194 
01240008 492 
01240009 122 
01240010 511 
01250001 348 
01250002 458 
01250003 203 
01250004 463 
01250005 244 
01250006 683 
01250007 536 
01250008 458 
01250009 510 
01250010 399 
01250011 695 
01250012 375 
01250013 210 
01250014 412 
01250015 181 
01260001 220 
01260002 411 
01260003 263 
01270001 229 
01270002 226 
01270003 500 
01270004 242 
01270005 351 
01270006 435 
01270007 492 
01270008 505 
01270009 582 
01270010 410 
01270011 256 
01280001 461 
01280002 333 
01280003 639 
01280004 298 
01280005 428 
01280006 519 
01280008 472 
01280009 700 
01280010 620 
01280011 698 
01280012 605 
01280013 388 
01280014 292 
01290003 479 
01290005 362 
01290006 304 
01290007 226 
01300001 324 
01300002 244 
01300003 343 
01300004 276 
01300005 332 
01300006 254 
01300007 336 
01300008 271 
01300009 414 
01300010 407 
01300011 484 
01300012 628 
01300013 455 
01300014 653 
01300015 403 
01300016 868 
01300017 487 
01300018 847 
01300019 604 
01300020 763 
01300021 266 
01300022 283 
01300023 376 
01300024 272 
01300025 233 
01300026 292 
01300027 334 
01310001 225 
01310002 353 
01310003 658 
01310004 279 
01310005 426 
01310006 679 
01310007 205 
01310008 732 
01310009 670 
01310010 335 
01310011 436 
01310012 718 
01310013 294 
01310014 412 
01310015 456 
01310016 411 
01310017 509 
01320001 360 
01320002 382 
01320003 594 
01320004 342 
01320005 340 
01320006 480 
01320007 593 
01320008 556 
01320009 685 
01320010 803 
01320011 376 
01320012 305 
01320013 322 
01320014 424 
01320015 570 
01320016 325 
01320017 306 
01320018 450 
01330001 482 
01330002 696 
01330003 531 
01330004 497 
01330005 686 
01330006 472 
01330007 246 
01330008 567 
01330009 602 
01330010 539 
01340001 428 
01340002 369 
01340003 499 
01340004 340 
01360001 706 
01360002 695 
01360003 654 
01360004 314 
01360005 324 
01370001 481 
01370002 510 
01370003 527 
01370004 518 
01380001 257 
01380002 216 
01380003 225 
01380004 253 
01380005 223 
01380006 365 
01380007 378 
01380008 273 
01380009 335 
01380010 360 
01380011 257 
01380012 353 
01380013 254 
01380014 491 
01380015 402 
01380016 564 
01390001 426 
01390002 395 
01390003 427 
01390004 305 
01390005 219 
01390006 316 
01390007 217 
01390008 643 
01390009 595 
01390010 649 
01400001 601 
01400002 660 
01400003 638 
01400004 578 
01400005 640 
01400006 636 
01400007 624 
01410001 642 
01410002 666 
01410003 643 
01410004 601 
01410005 694 
01410006 425 
01410009 625 
01410010 671 
01410012 664 
01410013 547 
01410014 664 
01410015 679 
01410016 655 
01410017 509 
01410018 675 
01420001 595 
01420002 602 
01420003 643 
01420004 533 
01420005 246 
01420006 400 
01420007 632 
01420008 643 
01420009 640 
01420010 628 
01420011 620 
01420012 603 
01420013 493 
01420014 636 
01420015 643 
01420016 667 
01420017 534 
01430001 308 
01430002 306 
01430003 491 
01430004 604 
01430005 536 
01430008 619 
01430009 230 
01430010 229 
01430011 245 
01430013 237 
01440001 324 
01440002 343 
01440003 570 
01440004 201 
01450001 602 
01450002 321 
01450003 506 
01450004 230 
01450005 574 
01450006 282 
01450007 409 
01450008 453 
01450009 528 
01450010 295 
01460001 458 
01460002 418 
01460003 384 
01460004 412 
01460005 288 
01460006 118 
01460007 400 
01460008 388 
01460009 410 
01460010 546 
01460011 356 
01460012 604 
01460013 188 
01460014 356 
01460015 360 
01460016 238 
01460017 404 
01460018 540 
01460019 412 
01460020 362 
01460021 122 
01460022 274 
01460023 368 
01460024 444 
01460025 680 
01460026 562 
01460027 396 
01460028 402 
01460029 422 
01460030 504 
01460031 440 
01460032 614 
01460033 482 
01460034 428 
01460035 586 
01460036 492 
01460037 372 
01460038 516 
01460039 632 
01460040 424 
01460041 186 
01460042 404 
01460043 470 
01460044 392 
01460045 482 
01460046 534 
01460047 366 
01460048 308 
01460049 166 
01460050 308 
01460051 468 
01460052 368 
01460053 134 
01460054 430 
01460055 480 
01460056 564 
01460057 254 
01460058 458 
01460059 484 
01460060 244 
01460061 206 
01460062 516 
01460063 488 
01460064 324 
01460065 554 
01460066 386 
01460067 148 
01460068 376 
01460069 308 
01460070 492 
01470001 382 
01470002 444 
01470003 420 
01470004 440 
01470005 494 
01470006 430 
01470007 264 
01470008 182 
01470009 312 
01470010 428 
01470011 294 
01470012 202 
01470013 312 
01470014 330 
01480001 388 
01480002 274 
01480003 460 
01480004 116 
01480005 468 
01480006 694 
01480007 672 
01480008 650 
01480009 346 
01480010 654 
01490001 336 
01490002 314 
01490003 292 
01490004 324 
01490005 690 
01490006 244 
01490007 304 
01490008 626 
01490009 286 
01490010 322 
01490011 360 
01490012 290 
01490013 344 
01490014 238 
01490015 334 
01490016 690 
01490017 292 
01500001 394 
01500002 276 
01500003 406 
01500004 588 
01500005 224 
01500006 284 
01500007 346 
01500008 266 
01500009 498 
01500010 368 
01500011 272 
01500012 422 
01500013 372 
01510001 370 
01510002 400 
01510003 348 
01510004 356 
01510005 308 
01510006 166 
01510007 372 
01510008 368 
01510009 168 
01520001 234 
01520002 232 
01520003 281 
01520004 248 
01520005 255 
01520006 246 
01520007 244 
01520008 224 
01520009 212 
01520010 236 
01520011 309 
01520012 254 
01520013 328 
01520014 417 
01520015 314 
01520016 217 
01520017 184 
01520018 168 
01520019 159 
01520020 196 
01530001 314 
01530002 283 
01530003 280 
01530004 304 
01530005 326 
01530006 307 
01530007 289 
01530008 183 
01530009 207 
01530010 153 
01530011 346 
01530012 598 
01530013 211 
01530014 511 
01530015 521 
01530016 429 
01530017 228 
01540001 205 
01540002 272 
01540003 170 
01540004 290 
01540005 322 
01540006 279 
01540007 206 
01540008 179 
01540009 357 
01540010 310 
01540011 552 
01540012 149 
01540013 465 
01540014 474 
01540015 168 
01540016 149 
01540017 167 
01550001 251 
01550002 389 
01550003 203 
01550004 411 
01550005 188 
01550006 433 
01550007 498 
01550008 222 
01550009 238 
01550010 238 
01550011 311 
01550012 240 
01550013 294 
01550014 543 
01550015 312 
01550016 289 
01550017 289 
01550018 312 
01550019 321 
01550020 316 
01550021 504 
01550022 176 
01560001 253 
01560002 129 
01560003 229 
01560004 271 
01560005 180 
01560006 274 
01560007 268 
01560008 192 
01560009 254 
01560010 268 
01560011 426 
01560012 300 
01560013 293 
01560014 350 
01560015 253 
01570001 195 
01570002 442 
01570003 189 
01570004 343 
01570005 179 
01570006 475 
01570007 348 
01570008 178 
01570009 165 
01570010 321 
01570011 202 
01570012 412 
01570013 188 
01570014 491 
01570015 231 
01570016 191 
01570017 216 
01570018 425 
01570019 294 
01570020 558 
01570021 301 
01580001 239 
01580002 193 
01580003 287 
01580004 282 
01580005 203 
01580006 252 
01580007 145 
01580008 47 
01580009 296 
01580010 559 
01580011 238 
01580012 237 
01590001 276 
01590002 338 
01590003 266 
01590004 332 
01590005 226 
01590006 326 
01590007 236 
01590008 216 
01590009 390 
01590010 342 
01590011 232 
01590012 366 
01590013 300 
01590014 290 
01590015 302 
01590016 282 
01590017 300 
01590018 250 
01590019 232 
01590020 548 
01600001 322 
01600002 326 
01600003 356 
01600004 324 
01600005 366 
01600006 316 
01600007 392 
01600008 298 
01600009 340 
01600010 312 
01600011 354 
01600012 482 
01600013 496 
01600014 396 
01600015 562 
01600016 332 
01600017 332 
01600018 352 
01600019 322 
01600020 348 
01600021 320 
01600022 590 
01600023 462 
01600024 306 
01600025 718 
01600026 370 
01600027 358 
01600028 382 
01610001 349 
01610002 440 
01610003 402 
01610004 436 
01610005 269 
01610006 623 
01610007 369 
01610008 583 
01610009 331 
01610010 460 
01610011 326 
01610012 518 
01610013 284 
01610014 587 
01610015 386 
01610016 209 
01610017 239 
01610018 601 
01610019 348 
01610020 264 
01610021 328 
01610022 274 
01610023 348 
01610024 240 
01610025 314 
01610026 302 
01610027 318 
01610028 290 
01610029 298 
01610030 292 
01610031 304 
01610032 630 
01610033 317 
01610034 360 
01610035 597 
01610036 362 
01610037 312 
01610038 661 
01610039 311 
01610040 358 
01610041 366 
01610042 312 
01610043 377 
01610044 484 
01620001 269 
01620002 269 
01620003 515 
01620004 286 
01620005 308 
01620006 529 
01620007 368 
01620008 299 
01620009 391 
01620010 249 
01620011 290 
01620012 374 
01620013 275 
01630001 334 
01630002 116 
01630003 57 
01630004 617 
01630005 349 
01630006 246 
01630007 211 
01630008 117 
01630009 238 
01630010 584 
01630011 350 
01630012 240 
01630013 315 
01630014 230 
01630015 343 
01630016 118 
01630017 100 
01630018 305 
01630019 244 
01630020 345 
01630021 228 
01630022 368 
01630023 232 
01630024 362 
01630025 266 
01630026 333 
01630027 239 
01630028 341 
01630029 209 
01630030 312 
01630031 368 
01630032 341 
01630033 257 
01630034 470 
01630035 435 
01630036 166 
01640001 282 
01640002 472 
01640003 170 
01640004 182 
01640005 198 
01640006 416 
01640007 388 
01640008 294 
01640009 217 
01640010 232 
01640011 327 
01640012 459 
01640013 229 
01640014 231 
01640015 201 
01640016 310 
01640017 191 
01650001 399 
01650002 294 
01650003 309 
01650004 256 
01650005 329 
01650006 318 
01650007 261 
01650008 401 
01650009 448 
01650010 201 
01650011 334 
01650012 294 
01650013 593 
01650014 507 
01650015 306 
01650016 221 
01650017 339 
01650018 304 
01650019 318 
01650020 225 
01660001 144 
01660002 244 
01660003 660 
01660004 214 
01660005 306 
01660006 220 
01660007 300 
01660008 116 
01660009 550 
01660010 226 
01660011 142 
01660012 246 
01660013 254 
01660014 274 
01660015 442 
01660016 508 
01670001 366 
01670002 310 
01670003 174 
01670004 452 
01670005 220 
01670006 298 
01670007 236 
01670008 236 
01670009 532 
01670010 166 
01670011 270 
01670012 536 
01670013 510 
01670014 476 
01670015 486 
01670016 434 
01670017 556 
01670018 462 
01670019 250 
01670020 236 
01670021 494 
01670022 404 
01670023 274 
01670024 210 
01670025 480 
01670026 514 
01680001 400 
01680002 562 
01680003 462 
01680004 154 
01680005 382 
01680006 388 
01680007 398 
01680008 176 
01680009 270 
01680010 182 
01680011 274 
01680012 206 
01680013 374 
01680014 476 
01680015 438 
01680016 290 
01680017 230 
01680018 300 
01680019 438 
01680020 476 
01680021 300 
01680022 192 
01690001 310 
01690002 238 
01690003 406 
01690004 268 
01690005 204 
01690006 346 
01700001 370 
01700002 206 
01700003 352 
01700004 252 
01700005 232 
01700006 372 
01700007 350 
01700008 238 
01700009 384 
01700010 274 
01700011 218 
01700012 400 
01700013 368 
01700014 438 
01700015 230 
01700016 346 
01700017 378 
01700018 270 
01700019 402 
01700020 328 
01700021 238 
01700022 376 
01700023 500 
01700024 386 
01700025 404 
01700026 568 
01700027 476 
01700028 274 
01700029 500 
01700030 594 
01700031 518 
01700032 418 
01700033 418 
01700034 436 
01700035 294 
01700036 626 
01700037 394 
01700038 246 
01700039 282 
01700040 204 
01710001 293 
01710002 268 
01710003 568 
01710004 284 
01710005 264 
01710006 295 
01710007 273 
01720001 362 
01720002 356 
01720003 340 
01720004 372 
01720005 316 
01720006 338 
01720007 342 
01720008 246 
01730001 610 
01730002 602 
01730003 622 
01730004 608 
01730005 374 
01730006 382 
01730007 586 
01730008 284 
01730009 228 
01730010 334 
01730011 188 
01740001 462 
01740002 282 
01740003 292 
01740004 496 
01740005 402 
01740006 304 
01740007 226 
01740008 596 
01750001 176 
01750002 158 
01750003 298 
01750004 170 
01750005 198 
01750006 224 
01750007 326 
01750008 316 
01750009 320 
01750010 326 
01750011 596 
01750012 794 
01750013 718 
01750014 288 
01750015 494 
01750016 378 
01750017 394 
01750018 362 
01750019 382 
01750020 446 
01750021 362 
01750022 442 
01750023 330 
01750024 452 
01750025 286 
01750026 274 
01750027 216 
01750028 308 
01750029 294 
01750030 306 
01760001 306 
01760002 218 
01760003 236 
01760004 230 
01760005 230 
01760006 236 
01760007 174 
01780001 118 
01780002 176 
01780003 144 
01780004 164 
01780005 114 
01780006 176 
01780007 244 
01780008 310 
01780009 114 
01780010 210 
01780011 134 
01780012 290 
01780013 262 
01780014 380 
01780015 326 
01780016 216 
01790001 498 
01790002 500 
01790003 364 
01790004 212 
01790005 268 
01790006 268 
01790007 146 
01790008 372 
01790009 506 
01790010 354 
01790011 156 
01790012 114 
01790013 326 
01790014 422 
01790015 594 
01790016 434 
01790017 180 
01790018 314 
01790019 272 
01800001 514 
01800002 528 
01800003 264 
01800004 222 
01800005 434 
01800006 496 
01800007 502 
01800008 258 
01800009 238 
01800010 158 
01800011 298 
01800012 202 
01800013 278 
01800014 320 
01800016 256 
01800018 458 
01800019 456 
01800020 266 
01800021 96 
01800022 110 
01800023 286 
01810001 574 
01810002 168 
01810003 210 
01810004 314 
01810005 224 
01810006 536 
01810007 212 
01810008 528 
01810009 526 
01810010 156 
01810011 164 
01810012 460 
01810013 226 
01810014 458 
01810015 376 
01810016 156 
01820001 418 
01820002 408 
01820003 186 
01820004 136 
01820005 366 
01820006 386 
01820007 416 
01820008 238 
01820009 522 
01820010 166 
01820011 248 
01820012 342 
01820013 220 
01820014 406 
01820015 142 
01830001 510 
01830002 442 
01830003 600 
01830004 457 
01830005 622 
01830006 458 
01830007 588 
01840001 591 
01840002 506 
01840003 595 
01840004 493 
01840005 623 
01840006 529 
01840007 590 
01840008 505 
01850001 598 
01850002 342 
01850003 346 
01850004 322 
01850005 314 
01850006 591 
01860001 492 
01860002 612 
01860003 439 
01860004 603 
01860005 413 
01860006 415 
01860007 388 
01860008 540 
01860009 674 
01860010 588 
01860011 560 
01860012 562 
01860013 608 
01860014 562 
01860015 606 
01860016 590 
01860017 262 
01860018 340 
01870001 511 
01870002 598 
01870003 487 
01870004 616 
01870005 424 
01870006 265 
01870007 610 
01870008 277 
01870009 400 
01870010 532 
01870011 562 
01870012 622 
01870013 626 
01870014 289 
01870015 340 
01870016 454 
01870017 580 
01870018 244 
01870019 325 
01870020 538 
01870021 604 
01870022 592 
01870023 571 
01870024 550 
01870025 463 
01880001 418 
01880002 384 
01880003 418 
01880004 314 
01890001 476 
01890002 498 
01890003 394 
01890005 449 
01890006 486 
01890009 482 
01890010 523 
01890011 542 
01890012 411 
01890013 531 
01890014 364 
01890015 628 
01900001 628 
01900003 325 
01900006 554 
01900007 578 
01900008 712 
01900010 303 
01900011 598 
01900013 296 
01900014 583 
01900015 582 
01900017 412 
01900018 421 
01900019 319 
01900020 589 
01900021 445 
01900022 490 
01900023 416 
01900024 353 
01900025 418 
01900026 364 
01900027 383 
01900028 355 
01910001 580 
01910002 534 
01910003 268 
01910004 380 
01910005 538 
01910006 604 
01910007 546 
01910008 596 
01910009 588 
01910010 248 
01910011 390 
01910012 236 
01910013 514 
01910014 598 
01910015 304 
01910016 339 
01910017 293 
01910018 297 
01910019 548 
01920001 406 
01920002 253 
01920003 508 
01920005 274 
01920006 540 
01920007 518 
01920008 473 
01920009 534 
01920010 374 
01920011 468 
01920013 620 
01930001 441 
01930002 429 
01930003 475 
01930004 251 
01930005 435 
01940001 352 
01940002 494 
01940003 354 
01940004 524 
01940005 371 
01940006 454 
01940007 466 
01940008 410 
01950001 532 
01950002 556 
01950003 595 
01950004 560 
01950005 518 
01950006 576 
01950007 616 
01950008 466 
01950009 592 
01950010 551 
01950011 626 
01950012 603 
01950013 604 
01950014 586 
01950015 605 
01950016 565 
01960001 577 
01960002 563 
01960003 567 
01960004 549 
01960005 628 
01960006 646 
01960007 607 
01960008 534 
01960009 553 
01960010 556 
01960011 266 
01960012 571 
01960013 301 
01960014 318 
01960015 603 
01960016 596 
01960017 388 
01960018 231 
01970001 421 
01970002 380 
01970003 254 
01970004 408 
01970005 164 
01980001 428 
01980002 467 
01980003 492 
01980004 499 
01980005 498 
01990001 245 
01990002 480 
01990003 227 
01990004 533 
01990005 559 
02000001 301 
02000002 385 
02000004 331 
02000005 293 
02000006 440 
02000007 283 
02000008 436 
02000009 376 
02000010 238 
02000011 325 
02000012 367 
02000013 378 
02000014 413 
02000017 384 
02000018 352 
02000019 412 
02000020 401 
02000021 355 
02000022 604 
02000023 436 
02000024 619 
02000025 309 
02000026 402 
02000027 280 
02000028 406 
02000029 268 
02000030 388 
02000031 283 
02000034 247 
02000035 370 
02000037 391 
02000038 379 
02000039 599 
02000040 386 
02000042 461 
02000044 413 
02000045 395 
02000046 409 
02000047 430 
02000049 354 
02000050 341 
02000051 543 
02000052 520 
02010001 581 
02010002 399 
02010005 436 
02010007 437 
02010011 337 
02010012 388 
02010013 364 
02010015 284 
02010019 381 
02010020 399 
02010021 317 
02010022 508 
02010023 311 
02010025 406 
02010026 405 
02010027 295 
02010037 304 
02010038 523 
02010039 584 
02010040 172 
02020001 316 
02020002 326 
02020003 570 
02020004 325 
02020005 344 
02030008 422 
02030009 312 
02030010 361 
02030011 335 
02030012 464 
02030013 536 
02030014 350 
02030015 497 
02030016 214 
02040001 552 
02040004 575 
02040005 199 
02040006 426 
02040007 493 
02040008 371 
02040009 648 
02040010 379 
02040011 313 
02040012 495 
02040013 341 
02040014 626 
02040015 626 
02040016 372 
02040017 479 
02040018 573 
02040019 101 
02040020 216 
02040021 447 
02050001 303 
02050002 293 
02050003 520 
02050004 395 
02050005 310 
02050006 494 
02050007 592 
02050008 445 
02410001 165 
02410002 118 
02410003 195 
02410004 208 
02410005 174 
02410006 193 
02410007 208 
02410008 131 
02410009 285 
02410010 251 
02410011 258 
02410012 370 
02410013 119 
02410014 535 
02410015 265 
02410016 116 
02410017 428 
02420001 188 
02420002 147 
02420003 140 
02420004 184 
02420005 128 
02420007 211 
02420008 135 
02420009 298 
02420010 227 
02420011 181 
02420012 186 
02420013 172 
02420014 115 
02420015 208 
02420016 134 
02420017 260 
02420018 239 
02420019 144 
02420020 275 
02420021 161 
02420022 284 
02420023 288 
02420024 307 
02420025 297 
02420026 169 
02420027 318 
02420028 359 
02420029 295 
02420030 229 
02420031 176 
02420032 135 
02420033 111 
02420034 193 
02420035 158 
02420036 191 
02420037 229 
02420038 131 
02420039 289 
02420040 526 
02420041 299 
02420042 306 
02420043 322 
02420044 136 
02420045 281 
02420046 320 
02420047 488 
02420048 270 
02420049 302 
02420050 576 
02420051 279 
02420052 322 
02420053 512 
02430001 175 
02430002 144 
02430003 111 
02430004 155 
02430005 141 
02430006 206 
02430007 204 
02430008 426 
02430009 169 
02430010 249 
02430011 298 
02430012 270 
02430013 317 
02430014 159 
02430015 290 
02430016 332 
02430017 526 
02430018 184 
02430019 139 
02430020 121 
02430021 189 
02430022 106 
02430023 237 
02430024 191 
02430025 128 
02430026 235 
02430027 208 
02430028 203 
02430029 448 
02430030 421 
02430031 327 
02430032 316 
02430033 481 
02430034 301 
02430035 355 
02430036 302 
02430037 139 
02430038 308 
02430039 331 
02430040 475 
02430041 313 
02430042 323 
02430043 296 
02430044 163 
02430045 460 
02430046 617 
02440001 180 
02440002 175 
02440003 143 
02440004 193 
02440005 182 
02440006 203 
02440007 234 
02440008 279 
02450001 256 
02450002 268 
02450003 256 
02450004 340 
02450005 302 
02450006 250 
02450007 252 
02450008 200 
02450009 394 
02450010 212 
02450011 244 
02450012 231 
02450013 164 
02450014 210 
02450015 276 
02450016 261 
02450017 246 
02450018 160 
02450019 168 
02450020 377 
02470001 229 
02470002 217 
02470003 210 
02470004 176 
02470005 269 
02470006 213 
02470007 543 
02470008 592 
02470009 214 
02470010 213 
02470011 211 
02470012 167 
02470013 215 
02470014 497 
02480001 395 
02480002 363 
02480003 469 
02480004 452 
02480005 373 
02480006 337 
02480007 433 
02480008 473 
02480009 452 
02480010 457 
02480011 386 
02480012 502 
02480013 393 
02480014 412 
02480015 391 
02480016 404 
02490001 265 
02490002 265 
02490003 462 
02490004 269 
02490005 256 
02490006 671 
02490007 283 
02490008 272 
02490009 508 
02490010 326 
02490011 276 
02490012 563 
02490013 492 
02500001 467 
02500002 710 
02500003 737 
02500004 354 
02500005 318 
02500006 260 
02500007 219 
02510001 387 
02510002 200 
02510003 706 
02510004 469 
02510005 236 
02510006 589 
02510007 687 
02510008 567 
02510009 725 
02510010 631 
02510011 643 
02510012 385 
02510013 249 
02510014 720 
02510015 583 
02520001 263 
02520002 286 
02520003 301 
02520004 340 
02520005 318 
02520006 359 
02520007 298 
02520008 327 
02520009 325 
02520010 305 
02520011 286 
02520012 404 
02520013 307 
02520014 362 
02520015 309 
02520016 388 
02530001 360 
02530002 351 
02530003 260 
02530004 322 
02530005 154 
02530006 156 
02530007 352 
02530008 278 
02530009 304 
02540001 191 
02540002 243 
02540003 234 
02540004 255 
02540005 207 
02540006 200 
02540007 211 
02540008 249 
02540009 519 
02540010 574 
02540011 230 
02540012 474 
02540013 365 
02540014 251 
02540015 242 
02540016 417 
02540017 299 
02540018 276 
02540019 451 
02540020 326 
02540021 273 
02540022 675 
02540023 184 
02540024 297 
02540025 520 
02540026 197 
