04210001 6.16 
04210002 7.06 
04210003 6.3 
04210004 5.13 
04210005 6.97 
04210006 6.46 
04210007 6.66 
04210008 3.4 
04210009 3.7 
04210010 2.54 
04210011 2.07 
04210012 2.89 
04210013 3.33 
04210014 2.4 
04210015 2.48 
04210016 3.03 
04210017 4.3 
04210020 3.29 
04210021 6.78 
04210022 3.5 
04210023 3.37 
04210024 3.9 
04210025 6.13 
04210026 6.37 
04210027 6.8 
04210028 3.39 
04210029 3.68 
04210030 3.58 
04210031 3.6 
04210037 3.29 
04210038 3.71 
04210039 3.06 
04210040 3.6 
04210041 3.3 
04210042 3.88 
04210043 3.16 
04210044 3.22 
04210045 2.96 
04210046 3.56 
04210047 2.84 
04210048 3.34 
04210049 3.08 
04210050 3.78 
04210051 3.15 
04210052 3.11 
04210053 3.24 
04210054 3.14 
04210055 3.15 
04210056 3.12 
04210057 3.31 
04210058 4.86 
04220001 5.99 
04220002 6.5 
04220003 5.94 
04220004 4.87 
04220005 6.04 
04220006 6.83 
04220007 6.56 
04220008 5.04 
04220009 3.91 
04220010 3.56 
04220011 3.4 
04220012 3.42 
04220013 3.44 
04220014 3.54 
04220015 3.34 
04220016 2.8 
04220017 2.7 
04220018 6.03 
04220019 6.83 
04220020 6.57 
04220021 5.03 
04220022 3.91 
04220023 3.56 
04220024 3.38 
04220025 3.44 
04220026 3.46 
04220027 3.54 
04220028 3.34 
04220029 2.72 
04220030 2.46 
04220031 3.46 
04220032 3.52 
04220033 3.44 
04220034 3.48 
04220035 3.4 
04220036 3.54 
04220037 3.42 
04220038 2.74 
04220039 2.94 
04220040 4.02 
04220041 6.40325 
04230001 2.01 
04230002 3.41 
04230003 3.45 
04230004 3.95 
04230005 2.19 
04230006 3.27 
04230007 3.6 
04230008 3.92 
04230009 2.25 
04230010 3.12 
04230011 3.33 
04230012 4.51 
04230013 6.28 
04230014 6.59 
04230015 6.92 
04230016 7.19 
04230017 6.81 
04230018 7.15 
04230019 3.43 
04230020 2.85 
04230021 6.39 
04230022 3.38 
04230023 1.51 
04230024 2.18 
04230025 3.7 
04230026 4.16 
04230027 1.28 
04230028 2.13 
04230029 3.65 
04230030 3.81 
04230031 1.27 
04230032 2.26 
04230033 3.41 
04230034 5.73 
04230035 3.62 
04230036 7.57 
04230037 6.64 
04230038 7.34 
04230039 6.7 
04230040 9.47 
04230041 4.55 
04230042 7.44 
04230047 3.67 
04230048 2.74 
04230049 7.4 
04230050 3.97 
04230051 2.66 
04230052 5.25 
04230053 5.04 
04240001 5.48 
04240002 5.54 
04240003 9.72 
04240004 5.75 
04240005 5.52 
04240006 11.61 
04240007 4.89 
04240008 5.21 
04240009 4.99 
04240010 5.17 
04240011 4.92 
04240012 5.14 
04240013 6.02 
04240014 4.55 
04240015 5.51 
04240016 5.34 
04240017 11.86 
04240018 4.84 
04240019 5.16 
04240020 4.96 
04240021 5.27 
04240022 5.76 
04240023 4.96 
04240024 5.64 
04240025 5.13 
04240026 4.87 
04240027 4.52 
04240028 4.82 
04240029 5.18 
04240030 5.64 
04240031 5.1 
04240032 5.5 
04240033 5 
04240034 5.84 
04240035 5.16 
04240036 5.42 
04240037 5.6 
04240038 6.21 
04250001 6.28 
04250002 5.77 
04250003 6.43 
04250004 2.36 
04250005 3.63 
04250006 6.53 
04250007 8.13 
04250008 8.78 
04250009 5.16 
04250010 3.74 
04250011 7.36 
04250012 3.68 
04250013 7.78 
04250014 7.2 
04250015 9.71 
04250016 4.31 
04250017 6.52 
04250018 5.83 
04250019 2.78 
04250020 3.45 
04250021 2.63 
04250022 3.76 
04250023 6.29 
04250024 3.26 
04250025 4.56 
04250026 2.79 
04250027 6.1 
04250028 5.04 
04250029 7.42 
04250030 3.76 
04250031 3.52 
04250032 3.88 
04250033 4.1 
04250034 6.68 
04250035 3.41 
04250036 3.51 
04250037 7.49 
04250038 7.82 
04250039 6.92 
04250040 7.36 
04250041 7.28 
04250042 4.02 
04250043 4 
04250044 8.82 
04250045 4.33 
04250046 4.68 
04250047 4.01 
04250048 5.48 
04250049 5.77 
04260001 1.07 
04260002 2.96 
04260003 7.83 
04260004 1.11 
04260005 10.95 
04260006 11.88 
04260007 2.01 
04260008 10.2 
04260009 14.75 
04260010 6.32 
04260011 2.62 
04260012 0.93 
04260013 1.75 
04260014 0.91 
04260015 4.09 
04260016 1.08 
04260017 2.96 
04260018 7.84 
04260019 1.1 
04260020 10.94 
04260021 11.87 
04260022 2.17 
04260023 10.2 
04260024 23.75 
04260025 14.75 
04260026 6.32 
04260027 2.61 
04260028 4.46 
04260029 4.81 
04270001 3.26 
04270002 3.22 
04270003 7.21 
04270004 3.2 
04270005 3.21 
04270006 3.56 
04270007 3.58 
04270008 3.49 
04270009 3.65 
04270010 6.85 
04270011 30.56 
04270012 4.05 
04270013 14.58 
04270014 3.12 
04270015 3.57 
04270016 22.09 
04270017 30.68 
04270018 14.89 
04270019 33.85 
04270020 14.94 
04270021 3.68 
04270022 30.41 
04270023 26.25 
04270024 4.62 
04270025 10.18 
04270026 3.92 
04270027 3.5215 
04280001 9.42 
04280002 4.71 
04280003 2.86 
04280004 3.78 
04280005 2.18 
04280006 4.24 
04280007 3.15 
04280008 3.75 
04280009 2.52 
04280010 6.36 
04280011 5.12 
04280012 7.3 
04280013 6.97 
04280014 5.42 
04280015 3.12 
04280016 5.96 
04280017 4 
04280018 3.48 
04280019 3.42 
04280020 3.24 
04280021 5.01 
04280022 3.73 
04280023 4.43 
04280024 3.14 
04280025 6.41 
04280026 6.3 
04280027 6.26 
04280028 6 
04280029 7.3 
04280030 4.35 
04280031 3.14 
04280032 6 
04280033 3.96 
04280034 3.26 
04280035 6.66 
04280036 9.46 
04280037 4.08 
04280038 3.04 
04280039 5.92 
04280040 4.02 
04280041 3.24 
04280042 6.87 
04280043 2.95 
04280044 5.42 
04290001 3.31 
04290002 3.51 
04290003 3.62 
04290004 3.24 
04290005 3.57 
04290006 3.61 
04290007 3.59 
04290008 3.78 
04290009 7.13 
04290010 2.83 
04290011 4 
04290012 0.84 
04290013 5.7 
04290014 2.72 
04290015 1.17 
04290016 1.97 
04290017 3.09 
04290018 3.88 
04290019 6.92 
04290020 3.67 
04290021 4.02 
04290022 7.35 
04290023 3.06 
04290024 0.57 
04290025 2.67 
04290026 3.73 
04290027 4.16 
04290028 2.88 
04290029 3.19 
04290030 3.44 
04290031 3.56 
04290032 3.71 
04290033 3.35 
04290034 3.77 
04290035 3.58 
04290036 0.82 
04290037 5.78 
04290038 2.81 
04290039 4.66 
04290040 3.69 
04290041 3.45 
04290042 7.29 
04290043 3.46 
04290044 3.58 
04290045 7.23 
04290046 3.06 
04290047 3.32 
04290048 11.05 
04290049 3.3 
04290050 7.49 
04290051 1.78 
04290052 1.69 
04290053 3.47 
04290054 4.57 
04290055 3.56 
04290056 3.08 
04290057 3.05 
04290058 7.26 
04290059 3.79 
04290060 3.35 
04290061 7.57 
04290062 3.02 
04290063 3.49 
04290064 3.83 
04290065 3.38 
04290066 3.34 
04290067 3.44 
04290068 5.88 
04290069 1.15 
04290070 5.17 
04300001 2.63 
04300002 2.7 
04300003 2.88 
04300004 3.15 
04300005 6.33 
04300006 1.97 
04300007 3.45 
04300008 2.53 
04300009 2.65 
04300010 3.1 
04300011 3.03 
04300012 6.45 
04300013 1.78 
04300014 3.01 
04300015 5.1 
04300016 3.34 
04300017 2.94 
04300018 3.61 
04300019 1.73 
04300020 3.05 
04300021 3.07 
04300022 9.35 
04300023 2.97 
04300024 6.22 
04300025 3.04 
04300026 6.28 
04300027 5.86 
04300028 3.43 
04300029 6.56 
04300030 3.43 
04300031 2.96 
04300032 5.68 
04300033 3.08 
04300034 3.13 
04300035 9.49 
04300036 24.61 
04300037 4.6 
04300038 1.03 
04300039 3 
04300040 3.19 
04300041 2.81 
04300042 6.17 
04300043 2.95 
04300044 13.87 
04300045 4.5 
04300046 2.55 
04300047 2.32 
04300048 5.77 
04310001 6.27 
04310002 4.87 
04310003 6.11 
04310004 4.97 
04310005 5.58 
04310006 6.77 
04310007 5.81 
04310008 7.84 
04310009 2.28 
04310010 1.3 
04310011 3.34 
04310012 1.72 
04310013 1.08 
04310014 3.24 
04310015 1.68 
04310016 4.84 
04310017 3 
04310018 6.34 
04310019 6.51 
04310020 5.93 
04310021 6.17 
04310022 5.5 
04310023 5.44 
04310024 5.63 
04310025 5.69 
04310026 7.9 
04310027 3.66 
04310028 3.24 
04310029 6.14 
04310030 1.92 
04310031 4.66 
04310032 1.84 
04310033 1.18 
04310034 9.1 
04310035 3.69 
04310036 11.84 
04320001 5.54 
04320002 4.28 
04320003 5.55 
04320004 4.39 
04320005 4.98 
04320006 6.22 
04320007 5.06 
04320008 7.07 
04320009 1.9 
04320010 1.48 
04320011 3.32 
04320012 2.09 
04320013 1.26 
04320014 3.23 
04320015 1.84 
04320016 1.5 
04320017 3.3 
04320018 1.89 
04320019 1.3 
04320020 6.11 
04320021 5.81 
04320022 5.45 
04320023 5.65 
04320024 5 
04320025 4.84 
04320026 5.08 
04320027 5.02 
04320028 7.35 
04320029 1.85 
04320030 1.34 
04320031 3.34 
04320032 1.82 
04320033 1.26 
04320034 3.22 
04320035 2.07 
04320036 1.13 
04320037 3.6 
04320038 2 
04320039 1.21 
04320040 9.11 
04320041 1.85 
04320042 2.24 
04320043 10.86 
04330001 4.82 
04330002 4.48 
04330003 4.55 
04330004 8.84 
04330005 4.86 
04330006 2.33 
04330007 2.15 
04330008 4.5 
04330009 2.57 
04330010 2.03 
04330011 4.62 
04330012 2.49 
04330013 1.99 
04330014 4.65 
04330015 4.71 
04330016 4.24 
04330017 4.16 
04330018 4.54 
04330019 4.58 
04330020 4.1 
04330021 4.68 
04330022 4.44 
04330023 4.55 
04330024 3.75 
04330025 5.2 
04330026 4.42 
04330027 2.31 
04330028 2.2 
04330029 4.58 
04330030 2.37 
04330031 2.16 
04330032 4.54 
04330033 4.41 
04330034 4.6 
04330035 4.75 
04330036 4.22 
04330037 4.33 
04330038 4.57 
04330039 4.51 
04330040 4.5 
04330041 4.46 
04330042 4.75 
04330043 4.64 
04330044 4.61 
04330045 9.7 
04330046 17.57 
04340001 6.72 
04340002 5.09 
04340003 5.79 
04340004 2.03 
04340005 4.7 
04340006 6.52 
04340007 6.48 
04340008 5.89 
04340009 7.92 
04340010 3.54 
04340011 3.32 
04340012 7.07 
04340013 3.44 
04340014 3.87 
04340015 1.56 
04340016 9.23 
04340017 6.45 
04340018 6.57 
04340019 5.71 
04340020 1.95 
04340021 5.08 
04340022 6.84 
04340023 6.4 
04340024 6.07 
04340025 8.11 
04340026 2.87 
04340027 3.38 
04340028 3.94 
04340029 7.11 
04340030 3.72 
04340031 3.63 
04340032 10.87 
04340033 3.35 
04340034 3.98 
04340035 7.27 
04340036 3.64 
04340037 3.26 
04340038 10.24 
04350001 2.3 
04350002 2.96 
04350003 6.13 
04350004 2.8 
04350005 2.76 
04350006 3.06 
04350007 3.4 
04350020 3.14 
04350021 3.04 
04350024 3.83 
04350025 2.36 
04350026 5.22 
04350034 3.02 
04350035 3.08 
04350036 3.07 
04350038 3.45 
04350039 3.09 
04350040 3.03 
04350043 2.39 
