04210001 614 
04210002 704 
04210003 628 
04210004 511 
04210005 695 
04210006 644 
04210007 664 
04210008 338 
04210009 368 
04210010 252 
04210011 205 
04210012 287 
04210013 331 
04210014 238 
04210015 246 
04210016 301 
04210017 428 
04210020 327 
04210021 676 
04210022 348 
04210023 335 
04210024 388 
04210025 611 
04210026 635 
04210027 678 
04210028 337 
04210029 366 
04210030 356 
04210031 358 
04210037 327 
04210038 369 
04210039 304 
04210040 358 
04210041 328 
04210042 386 
04210043 314 
04210044 320 
04210045 294 
04210046 354 
04210047 282 
04210048 332 
04210049 306 
04210050 376 
04210051 313 
04210052 309 
04210053 322 
04210054 312 
04210055 313 
04210056 310 
04210057 329 
04210058 484 
04220001 597 
04220002 648 
04220003 592 
04220004 485 
04220005 602 
04220006 681 
04220007 654 
04220008 502 
04220009 389 
04220010 354 
04220011 338 
04220012 340 
04220013 342 
04220014 352 
04220015 332 
04220016 278 
04220017 268 
04220018 601 
04220019 681 
04220020 655 
04220021 501 
04220022 389 
04220023 354 
04220024 336 
04220025 342 
04220026 344 
04220027 352 
04220028 332 
04220029 270 
04220030 244 
04220031 344 
04220032 350 
04220033 342 
04220034 346 
04220035 338 
04220036 352 
04220037 340 
04220038 272 
04220039 292 
04220040 400 
04220041 638 
04230001 199 
04230002 339 
04230003 343 
04230004 393 
04230005 217 
04230006 325 
04230007 358 
04230008 390 
04230009 223 
04230010 310 
04230011 331 
04230012 449 
04230013 626 
04230014 657 
04230015 690 
04230016 717 
04230017 679 
04230018 713 
04230019 341 
04230020 283 
04230021 637 
04230022 336 
04230023 149 
04230024 216 
04230025 368 
04230026 414 
04230027 126 
04230028 211 
04230029 363 
04230030 379 
04230031 125 
04230032 224 
04230033 339 
04230034 571 
04230035 360 
04230036 755 
04230037 662 
04230038 732 
04230039 668 
04230040 945 
04230041 453 
04230042 742 
04230047 365 
04230048 272 
04230049 738 
04230050 395 
04230051 264 
04230052 523 
04230053 502 
04240001 546 
04240002 552 
04240003 970 
04240004 573 
04240005 550 
04240006 1159 
04240007 487 
04240008 519 
04240009 497 
04240010 515 
04240011 490 
04240012 512 
04240013 600 
04240014 453 
04240015 549 
04240016 532 
04240017 1184 
04240018 482 
04240019 514 
04240020 494 
04240021 525 
04240022 574 
04240023 494 
04240024 562 
04240025 511 
04240026 485 
04240027 450 
04240028 480 
04240029 516 
04240030 562 
04240031 508 
04240032 548 
04240033 498 
04240034 582 
04240035 514 
04240036 540 
04240037 558 
04240038 619 
04250001 626 
04250002 575 
04250003 641 
04250004 234 
04250005 361 
04250006 651 
04250007 811 
04250008 876 
04250009 514 
04250010 372 
04250011 734 
04250012 366 
04250013 776 
04250014 718 
04250015 969 
04250016 429 
04250017 650 
04250018 581 
04250019 276 
04250020 343 
04250021 261 
04250022 374 
04250023 627 
04250024 324 
04250025 454 
04250026 277 
04250027 608 
04250028 502 
04250029 740 
04250030 374 
04250031 350 
04250032 386 
04250033 408 
04250034 666 
04250035 339 
04250036 349 
04250037 747 
04250038 780 
04250039 690 
04250040 734 
04250041 726 
04250042 400 
04250043 398 
04250044 880 
04250045 431 
04250046 466 
04250047 399 
04250048 546 
04250049 575 
04260001 105 
04260002 294 
04260003 781 
04260004 109 
04260005 1093 
04260006 1186 
04260007 199 
04260008 1018 
04260009 1473 
04260010 630 
04260011 260 
04260012 91 
04260013 173 
04260014 89 
04260015 407 
04260016 106 
04260017 294 
04260018 782 
04260019 108 
04260020 1092 
04260021 1185 
04260022 215 
04260023 1018 
04260024 2373 
04260025 1473 
04260026 630 
04260027 259 
04260028 444 
04260029 479 
04270001 324 
04270002 320 
04270003 719 
04270004 318 
04270005 319 
04270006 354 
04270007 356 
04270008 347 
04270009 363 
04270010 683 
04270011 3054 
04270012 403 
04270013 1456 
04270014 310 
04270015 355 
04270016 2207 
04270017 3066 
04270018 1487 
04270019 3383 
04270020 1492 
04270021 366 
04270022 3039 
04270023 2623 
04270024 460 
04270025 1016 
04270026 390 
04270027 350 
04280001 940 
04280002 469 
04280003 284 
04280004 376 
04280005 216 
04280006 422 
04280007 313 
04280008 373 
04280009 250 
04280010 634 
04280011 510 
04280012 728 
04280013 695 
04280014 540 
04280015 310 
04280016 594 
04280017 398 
04280018 346 
04280019 340 
04280020 322 
04280021 499 
04280022 371 
04280023 441 
04280024 312 
04280025 639 
04280026 628 
04280027 624 
04280028 598 
04280029 728 
04280030 433 
04280031 312 
04280032 598 
04280033 394 
04280034 324 
04280035 664 
04280036 944 
04280037 406 
04280038 302 
04280039 590 
04280040 400 
04280041 322 
04280042 685 
04280043 293 
04280044 540 
04290001 329 
04290002 349 
04290003 360 
04290004 322 
04290005 355 
04290006 359 
04290007 357 
04290008 376 
04290009 711 
04290010 281 
04290011 398 
04290012 82 
04290013 568 
04290014 270 
04290015 115 
04290016 195 
04290017 307 
04290018 386 
04290019 690 
04290020 365 
04290021 400 
04290022 733 
04290023 304 
04290024 55 
04290025 265 
04290026 371 
04290027 414 
04290028 286 
04290029 317 
04290030 342 
04290031 354 
04290032 369 
04290033 333 
04290034 375 
04290035 356 
04290036 80 
04290037 576 
04290038 279 
04290039 464 
04290040 367 
04290041 343 
04290042 727 
04290043 344 
04290044 356 
04290045 721 
04290046 304 
04290047 330 
04290048 1103 
04290049 328 
04290050 747 
04290051 176 
04290052 167 
04290053 345 
04290054 455 
04290055 354 
04290056 306 
04290057 303 
04290058 724 
04290059 377 
04290060 333 
04290061 755 
04290062 300 
04290063 347 
04290064 381 
04290065 336 
04290066 332 
04290067 342 
04290068 586 
04290069 113 
04290070 515 
04300001 261 
04300002 268 
04300003 286 
04300004 313 
04300005 631 
04300006 195 
04300007 343 
04300008 251 
04300009 263 
04300010 308 
04300011 301 
04300012 643 
04300013 176 
04300014 299 
04300015 508 
04300016 332 
04300017 292 
04300018 359 
04300019 171 
04300020 303 
04300021 305 
04300022 933 
04300023 295 
04300024 620 
04300025 302 
04300026 626 
04300027 584 
04300028 341 
04300029 654 
04300030 341 
04300031 294 
04300032 566 
04300033 306 
04300034 311 
04300035 947 
04300036 2459 
04300037 458 
04300038 101 
04300039 298 
04300040 317 
04300041 279 
04300042 615 
04300043 293 
04300044 1385 
04300045 448 
04300046 253 
04300047 230 
04300048 575 
04310001 625 
04310002 485 
04310003 609 
04310004 495 
04310005 556 
04310006 675 
04310007 579 
04310008 782 
04310009 226 
04310010 128 
04310011 332 
04310012 170 
04310013 106 
04310014 322 
04310015 166 
04310016 482 
04310017 298 
04310018 632 
04310019 649 
04310020 591 
04310021 615 
04310022 548 
04310023 542 
04310024 561 
04310025 567 
04310026 788 
04310027 364 
04310028 322 
04310029 612 
04310030 190 
04310031 464 
04310032 182 
04310033 116 
04310034 908 
04310035 367 
04310036 1182 
04320001 552 
04320002 426 
04320003 553 
04320004 437 
04320005 496 
04320006 620 
04320007 504 
04320008 705 
04320009 188 
04320010 146 
04320011 330 
04320012 207 
04320013 124 
04320014 321 
04320015 182 
04320016 148 
04320017 328 
04320018 187 
04320019 128 
04320020 609 
04320021 579 
04320022 543 
04320023 563 
04320024 498 
04320025 482 
04320026 506 
04320027 500 
04320028 733 
04320029 183 
04320030 132 
04320031 332 
04320032 180 
04320033 124 
04320034 320 
04320035 205 
04320036 111 
04320037 358 
04320038 198 
04320039 119 
04320040 909 
04320041 183 
04320042 222 
04320043 1084 
04330001 480 
04330002 446 
04330003 453 
04330004 882 
04330005 484 
04330006 231 
04330007 213 
04330008 448 
04330009 255 
04330010 201 
04330011 460 
04330012 247 
04330013 197 
04330014 463 
04330015 469 
04330016 422 
04330017 414 
04330018 452 
04330019 456 
04330020 408 
04330021 466 
04330022 442 
04330023 453 
04330024 373 
04330025 518 
04330026 440 
04330027 229 
04330028 218 
04330029 456 
04330030 235 
04330031 214 
04330032 452 
04330033 439 
04330034 458 
04330035 473 
04330036 420 
04330037 431 
04330038 455 
04330039 449 
04330040 448 
04330041 444 
04330042 473 
04330043 462 
04330044 459 
04330045 968 
04330046 1755 
04340001 670 
04340002 507 
04340003 577 
04340004 201 
04340005 468 
04340006 650 
04340007 646 
04340008 587 
04340009 790 
04340010 352 
04340011 330 
04340012 705 
04340013 342 
04340014 385 
04340015 154 
04340016 921 
04340017 643 
04340018 655 
04340019 569 
04340020 193 
04340021 506 
04340022 682 
04340023 638 
04340024 605 
04340025 809 
04340026 285 
04340027 336 
04340028 392 
04340029 709 
04340030 370 
04340031 361 
04340032 1085 
04340033 333 
04340034 396 
04340035 725 
04340036 362 
04340037 324 
04340038 1022 
04350001 228 
04350002 294 
04350003 611 
04350004 278 
04350005 274 
04350006 304 
04350007 338 
04350020 312 
04350021 302 
04350024 381 
04350025 234 
04350026 520 
04350034 300 
04350035 306 
04350036 305 
04350038 343 
04350039 307 
04350040 301 
04350043 237 
