01180001 01180001
01180002 01180002
01180003 01180003
01180004 01180004
01180005 01180005
01180006 01180006
01180009 01180009
01180010 01180010
01180011 01180011
01180012 01180012
01180013 01180013
01790001 01790001
01790002 01790002
01790003 01790003
01790004 01790004
01790005 01790005
01790006 01790006
01790007 01790007
01790008 01790008
01790009 01790009
01790010 01790010
01790011 01790011
01790012 01790012
01790013 01790013
01790014 01790014
01790015 01790015
01790016 01790016
01790017 01790017
01790018 01790018
01790019 01790019
04210001 04210001
04210002 04210002
04210003 04210003
04210004 04210004
04210005 04210005
04210006 04210006
04210007 04210007
04210008 04210008
04210009 04210009
04210010 04210010
04210011 04210011
04210012 04210012
04210013 04210013
04210014 04210014
04210015 04210015
04210016 04210016
04210017 04210017
04210020 04210020
04210021 04210021
04210022 04210022
04210023 04210023
04210024 04210024
04210025 04210025
04210026 04210026
04210027 04210027
04210028 04210028
04210029 04210029
04210030 04210030
04210031 04210031
04210037 04210037
04210038 04210038
04210039 04210039
04210040 04210040
04210041 04210041
04210042 04210042
04210043 04210043
04210044 04210044
04210045 04210045
04210046 04210046
04210047 04210047
04210048 04210048
04210049 04210049
04210050 04210050
04210051 04210051
04210052 04210052
04210053 04210053
04210054 04210054
04210055 04210055
04210056 04210056
04210057 04210057
04210058 04210058
04220001 04220001
04220002 04220002
04220003 04220003
04220004 04220004
04220005 04220005
04220006 04220006
04220007 04220007
04220008 04220008
04220009 04220009
04220010 04220010
04220011 04220011
04220012 04220012
04220013 04220013
04220014 04220014
04220015 04220015
04220016 04220016
04220017 04220017
04220018 04220018
04220019 04220019
04220020 04220020
04220021 04220021
04220022 04220022
04220023 04220023
04220024 04220024
04220025 04220025
04220026 04220026
04220027 04220027
04220028 04220028
04220029 04220029
04220030 04220030
04220031 04220031
04220032 04220032
04220033 04220033
04220034 04220034
04220035 04220035
04220036 04220036
04220037 04220037
04220038 04220038
04220039 04220039
04220040 04220040
04220041 04220041
04230001 04230001
04230002 04230002
04230003 04230003
04230004 04230004
04230005 04230005
04230006 04230006
04230007 04230007
04230008 04230008
04230009 04230009
04230010 04230010
04230011 04230011
04230012 04230012
04230013 04230013
04230014 04230014
04230015 04230015
04230016 04230016
04230017 04230017
04230018 04230018
04230019 04230019
04230020 04230020
04230021 04230021
04230022 04230022
04230023 04230023
04230024 04230024
04230025 04230025
04230026 04230026
04230027 04230027
04230028 04230028
04230029 04230029
04230030 04230030
04230031 04230031
04230032 04230032
04230033 04230033
04230034 04230034
04230035 04230035
04230036 04230036
04230037 04230037
04230038 04230038
04230039 04230039
04230040 04230040
04230041 04230041
04230042 04230042
04230047 04230047
04230048 04230048
04230049 04230049
04230050 04230050
04230051 04230051
04230052 04230052
04230053 04230053
04240001 04240001
04240002 04240002
04240003 04240003
04240004 04240004
04240005 04240005
04240006 04240006
04240007 04240007
04240008 04240008
04240009 04240009
04240010 04240010
04240011 04240011
04240012 04240012
04240013 04240013
04240014 04240014
04240015 04240015
04240016 04240016
04240017 04240017
04240018 04240018
04240019 04240019
04240020 04240020
04240021 04240021
04240022 04240022
04240023 04240023
04240024 04240024
04240025 04240025
04240026 04240026
04240027 04240027
04240028 04240028
04240029 04240029
04240030 04240030
04240031 04240031
04240032 04240032
04240033 04240033
04240034 04240034
04240035 04240035
04240036 04240036
04240037 04240037
04240038 04240038
04250001 04250001
04250002 04250002
04250003 04250003
04250004 04250004
04250005 04250005
04250006 04250006
04250007 04250007
04250008 04250008
04250009 04250009
04250010 04250010
04250011 04250011
04250012 04250012
04250013 04250013
04250014 04250014
04250015 04250015
04250016 04250016
04250017 04250017
04250018 04250018
04250019 04250019
04250020 04250020
04250021 04250021
04250022 04250022
04250023 04250023
04250024 04250024
04250025 04250025
04250026 04250026
04250027 04250027
04250028 04250028
04250029 04250029
04250030 04250030
04250031 04250031
04250032 04250032
04250033 04250033
04250034 04250034
04250035 04250035
04250036 04250036
04250037 04250037
04250038 04250038
04250039 04250039
04250040 04250040
04250041 04250041
04250042 04250042
04250043 04250043
04250044 04250044
04250045 04250045
04250046 04250046
04250047 04250047
04250048 04250048
04250049 04250049
04260001 04260001
04260002 04260002
04260003 04260003
04260004 04260004
04260005 04260005
04260006 04260006
04260007 04260007
04260008 04260008
04260009 04260009
04260010 04260010
04260011 04260011
04260012 04260012
04260013 04260013
04260014 04260014
04260015 04260015
04260016 04260016
04260017 04260017
04260018 04260018
04260019 04260019
04260020 04260020
04260021 04260021
04260022 04260022
04260023 04260023
04260024 04260024
04260025 04260025
04260026 04260026
04260027 04260027
04260028 04260028
04260029 04260029
04270001 04270001
04270002 04270002
04270003 04270003
04270004 04270004
04270005 04270005
04270006 04270006
04270007 04270007
04270008 04270008
04270009 04270009
04270010 04270010
04270011 04270011
04270012 04270012
04270013 04270013
04270014 04270014
04270015 04270015
04270016 04270016
04270017 04270017
04270018 04270018
04270019 04270019
04270020 04270020
04270021 04270021
04270022 04270022
04270023 04270023
04270024 04270024
04270025 04270025
04270026 04270026
04270027 04270027
04280001 04280001
04280002 04280002
04280003 04280003
04280004 04280004
04280005 04280005
04280006 04280006
04280007 04280007
04280008 04280008
04280009 04280009
04280010 04280010
04280011 04280011
04280012 04280012
04280013 04280013
04280014 04280014
04280015 04280015
04280016 04280016
04280017 04280017
04280018 04280018
04280019 04280019
04280020 04280020
04280021 04280021
04280022 04280022
04280023 04280023
04280024 04280024
04280025 04280025
04280026 04280026
04280027 04280027
04280028 04280028
04280029 04280029
04280030 04280030
04280031 04280031
04280032 04280032
04280033 04280033
04280034 04280034
04280035 04280035
04280036 04280036
04280037 04280037
04280038 04280038
04280039 04280039
04280040 04280040
04280041 04280041
04280042 04280042
04280043 04280043
04280044 04280044
04290001 04290001
04290002 04290002
04290003 04290003
04290004 04290004
04290005 04290005
04290006 04290006
04290007 04290007
04290008 04290008
04290009 04290009
04290010 04290010
04290011 04290011
04290012 04290012
04290013 04290013
04290014 04290014
04290015 04290015
04290016 04290016
04290017 04290017
04290018 04290018
04290019 04290019
04290020 04290020
04290021 04290021
04290022 04290022
04290023 04290023
04290024 04290024
04290025 04290025
04290026 04290026
04290027 04290027
04290028 04290028
04290029 04290029
04290030 04290030
04290031 04290031
04290032 04290032
04290033 04290033
04290034 04290034
04290035 04290035
04290036 04290036
04290037 04290037
04290038 04290038
04290039 04290039
04290040 04290040
04290041 04290041
04290042 04290042
04290043 04290043
04290044 04290044
04290045 04290045
04290046 04290046
04290047 04290047
04290048 04290048
04290049 04290049
04290050 04290050
04290051 04290051
04290052 04290052
04290053 04290053
04290054 04290054
04290055 04290055
04290056 04290056
04290057 04290057
04290058 04290058
04290059 04290059
04290060 04290060
04290061 04290061
04290062 04290062
04290063 04290063
04290064 04290064
04290065 04290065
04290066 04290066
04290067 04290067
04290068 04290068
04290069 04290069
04290070 04290070
04300001 04300001
04300002 04300002
04300003 04300003
04300004 04300004
04300005 04300005
04300006 04300006
04300007 04300007
04300008 04300008
04300009 04300009
04300010 04300010
04300011 04300011
04300012 04300012
04300013 04300013
04300014 04300014
04300015 04300015
04300016 04300016
04300017 04300017
04300018 04300018
04300019 04300019
04300020 04300020
04300021 04300021
04300022 04300022
04300023 04300023
04300024 04300024
04300025 04300025
04300026 04300026
04300027 04300027
04300028 04300028
04300029 04300029
04300030 04300030
04300031 04300031
04300032 04300032
04300033 04300033
04300034 04300034
04300035 04300035
04300036 04300036
04300037 04300037
04300038 04300038
04300039 04300039
04300040 04300040
04300041 04300041
04300042 04300042
04300043 04300043
04300044 04300044
04300045 04300045
04300046 04300046
04300047 04300047
04300048 04300048
04310001 04310001
04310002 04310002
04310003 04310003
04310004 04310004
04310005 04310005
04310006 04310006
04310007 04310007
04310008 04310008
04310009 04310009
04310010 04310010
04310011 04310011
04310012 04310012
04310013 04310013
04310014 04310014
04310015 04310015
04310016 04310016
04310017 04310017
04310018 04310018
04310019 04310019
04310020 04310020
04310021 04310021
04310022 04310022
04310023 04310023
04310024 04310024
04310025 04310025
04310026 04310026
04310027 04310027
04310028 04310028
04310029 04310029
04310030 04310030
04310031 04310031
04310032 04310032
04310033 04310033
04310034 04310034
04310035 04310035
04310036 04310036
04320001 04320001
04320002 04320002
04320003 04320003
04320004 04320004
04320005 04320005
04320006 04320006
04320007 04320007
04320008 04320008
04320009 04320009
04320010 04320010
04320011 04320011
04320012 04320012
04320013 04320013
04320014 04320014
04320015 04320015
04320016 04320016
04320017 04320017
04320018 04320018
04320019 04320019
04320020 04320020
04320021 04320021
04320022 04320022
04320023 04320023
04320024 04320024
04320025 04320025
04320026 04320026
04320027 04320027
04320028 04320028
04320029 04320029
04320030 04320030
04320031 04320031
04320032 04320032
04320033 04320033
04320034 04320034
04320035 04320035
04320036 04320036
04320037 04320037
04320038 04320038
04320039 04320039
04320040 04320040
04320041 04320041
04320042 04320042
04320043 04320043
04330001 04330001
04330002 04330002
04330003 04330003
04330004 04330004
04330005 04330005
04330006 04330006
04330007 04330007
04330008 04330008
04330009 04330009
04330010 04330010
04330011 04330011
04330012 04330012
04330013 04330013
04330014 04330014
04330015 04330015
04330016 04330016
04330017 04330017
04330018 04330018
04330019 04330019
04330020 04330020
04330021 04330021
04330022 04330022
04330023 04330023
04330024 04330024
04330025 04330025
04330026 04330026
04330027 04330027
04330028 04330028
04330029 04330029
04330030 04330030
04330031 04330031
04330032 04330032
04330033 04330033
04330034 04330034
04330035 04330035
04330036 04330036
04330037 04330037
04330038 04330038
04330039 04330039
04330040 04330040
04330041 04330041
04330042 04330042
04330043 04330043
04330044 04330044
04330045 04330045
04330046 04330046
04340001 04340001
04340002 04340002
04340003 04340003
04340004 04340004
04340005 04340005
04340006 04340006
04340007 04340007
04340008 04340008
04340009 04340009
04340010 04340010
04340011 04340011
04340012 04340012
04340013 04340013
04340014 04340014
04340015 04340015
04340016 04340016
04340017 04340017
04340018 04340018
04340019 04340019
04340020 04340020
04340021 04340021
04340022 04340022
04340023 04340023
04340024 04340024
04340025 04340025
04340026 04340026
04340027 04340027
04340028 04340028
04340029 04340029
04340030 04340030
04340031 04340031
04340032 04340032
04340033 04340033
04340034 04340034
04340035 04340035
04340036 04340036
04340037 04340037
04340038 04340038
04350001 04350001
04350002 04350002
04350003 04350003
04350004 04350004
04350005 04350005
04350006 04350006
04350007 04350007
04350020 04350020
04350021 04350021
04350024 04350024
04350025 04350025
04350026 04350026
04350034 04350034
04350035 04350035
04350036 04350036
04350038 04350038
04350039 04350039
04350040 04350040
04350043 04350043
