00010001 00010001
00010002 00010002
00010003 00010003
00010004 00010004
00010005 00010005
00010006 00010006
00010007 00010007
00010008 00010008
00010009 00010009
00010010 00010010
00020001 00020001
00020002 00020002
00020003 00020003
00020004 00020004
00020005 00020005
00020006 00020006
00020007 00020007
00020008 00020008
00020009 00020009
00020010 00020010
00020011 00020011
00020012 00020012
00020013 00020013
00020014 00020014
00020015 00020015
00020016 00020016
00020017 00020017
00020018 00020018
00020019 00020019
00020020 00020020
00020021 00020021
00020022 00020022
00020023 00020023
00020024 00020024
00020025 00020025
00020026 00020026
00030008 00030008
00030010 00030010
00030012 00030012
00030018 00030018
00030020 00030020
00030027 00030027
00030028 00030028
00040001 00040001
00040002 00040002
00040003 00040003
00040004 00040004
00040005 00040005
00040006 00040006
00040007 00040007
00040008 00040008
00040009 00040009
00050001 00050001
00050002 00050002
00050003 00050003
00050004 00050004
00050005 00050005
00050006 00050006
00050007 00050007
00050008 00050008
00050009 00050009
00060001 00060001
00060002 00060002
00060003 00060003
00060004 00060004
00060005 00060005
00060006 00060006
00070001 00070001
00070002 00070002
00070003 00070003
00070004 00070004
00070005 00070005
00070006 00070006
00080001 00080001
00080002 00080002
00080003 00080003
00080004 00080004
00080005 00080005
00080006 00080006
00080007 00080007
00080020 00080020
00080025 00080025
00080026 00080026
00080027 00080027
00090001 00090001
00090002 00090002
00090003 00090003
00090004 00090004
00100001 00100001
00100002 00100002
00100003 00100003
00100004 00100004
00100005 00100005
00100006 00100006
00100007 00100007
00110001 00110001
00110002 00110002
00110003 00110003
00110004 00110004
00110005 00110005
00110006 00110006
00110007 00110007
00110008 00110008
00110009 00110009
00110010 00110010
00110011 00110011
00110012 00110012
00120014 00120014
00130005 00130005
00130006 00130006
00130007 00130007
00130008 00130008
00130009 00130009
00130010 00130010
00150001 00150001
00150002 00150002
00150003 00150003
00150004 00150004
00150005 00150005
00150006 00150006
00150007 00150007
00150008 00150008
00150009 00150009
00150010 00150010
00150011 00150011
00150012 00150012
00150013 00150013
00160001 00160001
00160002 00160002
00160003 00160003
00160004 00160004
00160005 00160005
00180001 00180001
00180002 00180002
00180003 00180003
00180004 00180004
00180005 00180005
00180006 00180006
00180007 00180007
00180009 00180009
00180010 00180010
00180011 00180011
00180012 00180012
00180013 00180013
00180014 00180014
00180015 00180015
00180016 00180016
00180017 00180017
00180018 00180018
00180019 00180019
00180020 00180020
00190001 00190001
00190002 00190002
00190003 00190003
00190004 00190004
00190005 00190005
00190006 00190006
00190007 00190007
00190008 00190008
00190009 00190009
00190010 00190010
00190011 00190011
00190012 00190012
00190013 00190013
00200001 00200001
00200002 00200002
00200003 00200003
00200004 00200004
00200005 00200005
00200006 00200006
00200007 00200007
00200008 00200008
00210001 00210001
00210002 00210002
00210003 00210003
00210004 00210004
00210005 00210005
00210006 00210006
00210007 00210007
00210008 00210008
00210009 00210009
00210010 00210010
00210011 00210011
00210012 00210012
00210013 00210013
00210014 00210014
00210015 00210015
00220001 00220001
00220002 00220002
00220003 00220003
00220004 00220004
00220005 00220005
00220006 00220006
00220007 00220007
00220008 00220008
00230001 00230001
00230002 00230002
00230003 00230003
00230004 00230004
00230005 00230005
00230006 00230006
00230007 00230007
00230008 00230008
00230009 00230009
00230010 00230010
00230011 00230011
00230012 00230012
00240001 00240001
00240002 00240002
00240003 00240003
00240004 00240004
00240005 00240005
00240006 00240006
00240007 00240007
00240008 00240008
00240009 00240009
00240010 00240010
00240011 00240011
00240012 00240012
00240013 00240013
00240014 00240014
00520002 00520002
00520005 00520005
00520006 00520006
00530002 00530002
00530003 00530003
00530004 00530004
00530006 00530006
00530007 00530007
00530008 00530008
00530009 00530009
00530010 00530010
00530011 00530011
00610001 00610001
00610002 00610002
00610003 00610003
00610004 00610004
00610005 00610005
00610006 00610006
00610007 00610007
00610008 00610008
00610009 00610009
00610010 00610010
00610011 00610011
00610012 00610012
00610013 00610013
00610014 00610014
00610020 00610020
00610021 00610021
00610023 00610023
01150001 01150001
01150002 01150002
01150003 01150003
01150004 01150004
01150005 01150005
01150006 01150006
01150007 01150007
01150008 01150008
01150009 01150009
01150010 01150010
01150011 01150011
01150012 01150012
01150013 01150013
01150014 01150014
01150015 01150015
01150016 01150016
01150017 01150017
01150018 01150018
01150019 01150019
01150020 01150020
01150021 01150021
01150022 01150022
01150023 01150023
01150024 01150024
01150025 01150025
01150026 01150026
01160001 01160001
01160002 01160002
01160003 01160003
01160004 01160004
01160005 01160005
01160006 01160006
01170001 01170001
01170002 01170002
01170003 01170003
01170004 01170004
01170005 01170005
01170006 01170006
01170007 01170007
01170008 01170008
01170009 01170009
01180001 01180001
01180002 01180002
01180003 01180003
01180004 01180004
01180005 01180005
01180006 01180006
01180009 01180009
01180010 01180010
01180011 01180011
01180012 01180012
01180013 01180013
01190001 01190001
01190002 01190002
01190003 01190003
01190004 01190004
01200001 01200001
01200002 01200002
01200003 01200003
01200004 01200004
01200005 01200005
01200006 01200006
01200007 01200007
01200008 01200008
01210001 01210001
01210002 01210002
01210003 01210003
01210004 01210004
01220001 01220001
01220002 01220002
01220003 01220003
01220004 01220004
01220005 01220005
01230001 01230001
01230002 01230002
01230003 01230003
01230004 01230004
01230005 01230005
01230006 01230006
01230007 01230007
01230008 01230008
01230009 01230009
01230010 01230010
01230011 01230011
01230012 01230012
01230013 01230013
01230014 01230014
01230015 01230015
01230016 01230016
01230017 01230017
01230018 01230018
01230019 01230019
01240001 01240001
01240002 01240002
01240003 01240003
01240004 01240004
01240005 01240005
01240006 01240006
01240007 01240007
01240008 01240008
01240009 01240009
01240010 01240010
01250001 01250001
01250002 01250002
01250003 01250003
01250004 01250004
01250005 01250005
01250006 01250006
01250007 01250007
01250008 01250008
01250009 01250009
01250010 01250010
01250011 01250011
01250012 01250012
01250013 01250013
01250014 01250014
01250015 01250015
01260001 01260001
01260002 01260002
01260003 01260003
01270001 01270001
01270002 01270002
01270003 01270003
01270004 01270004
01270005 01270005
01270006 01270006
01270007 01270007
01270008 01270008
01270009 01270009
01270010 01270010
01270011 01270011
01280001 01280001
01280002 01280002
01280003 01280003
01280004 01280004
01280005 01280005
01280006 01280006
01280008 01280008
01280009 01280009
01280010 01280010
01280011 01280011
01280012 01280012
01280013 01280013
01280014 01280014
01290003 01290003
01290005 01290005
01290006 01290006
01290007 01290007
01300001 01300001
01300002 01300002
01300003 01300003
01300004 01300004
01300005 01300005
01300006 01300006
01300007 01300007
01300008 01300008
01300009 01300009
01300010 01300010
01300011 01300011
01300012 01300012
01300013 01300013
01300014 01300014
01300015 01300015
01300016 01300016
01300017 01300017
01300018 01300018
01300019 01300019
01300020 01300020
01300021 01300021
01300022 01300022
01300023 01300023
01300024 01300024
01300025 01300025
01300026 01300026
01300027 01300027
01310001 01310001
01310002 01310002
01310003 01310003
01310004 01310004
01310005 01310005
01310006 01310006
01310007 01310007
01310008 01310008
01310009 01310009
01310010 01310010
01310011 01310011
01310012 01310012
01310013 01310013
01310014 01310014
01310015 01310015
01310016 01310016
01310017 01310017
01320001 01320001
01320002 01320002
01320003 01320003
01320004 01320004
01320005 01320005
01320006 01320006
01320007 01320007
01320008 01320008
01320009 01320009
01320010 01320010
01320011 01320011
01320012 01320012
01320013 01320013
01320014 01320014
01320015 01320015
01320016 01320016
01320017 01320017
01320018 01320018
01330001 01330001
01330002 01330002
01330003 01330003
01330004 01330004
01330005 01330005
01330006 01330006
01330007 01330007
01330008 01330008
01330009 01330009
01330010 01330010
01340001 01340001
01340002 01340002
01340003 01340003
01340004 01340004
01360001 01360001
01360002 01360002
01360003 01360003
01360004 01360004
01360005 01360005
01370001 01370001
01370002 01370002
01370003 01370003
01370004 01370004
01380001 01380001
01380002 01380002
01380003 01380003
01380004 01380004
01380005 01380005
01380006 01380006
01380007 01380007
01380008 01380008
01380009 01380009
01380010 01380010
01380011 01380011
01380012 01380012
01380013 01380013
01380014 01380014
01380015 01380015
01380016 01380016
01390001 01390001
01390002 01390002
01390003 01390003
01390004 01390004
01390005 01390005
01390006 01390006
01390007 01390007
01390008 01390008
01390009 01390009
01390010 01390010
01400001 01400001
01400002 01400002
01400003 01400003
01400004 01400004
01400005 01400005
01400006 01400006
01400007 01400007
01410001 01410001
01410002 01410002
01410003 01410003
01410004 01410004
01410005 01410005
01410006 01410006
01410009 01410009
01410010 01410010
01410012 01410012
01410013 01410013
01410014 01410014
01410015 01410015
01410016 01410016
01410017 01410017
01410018 01410018
01420001 01420001
01420002 01420002
01420003 01420003
01420004 01420004
01420005 01420005
01420006 01420006
01420007 01420007
01420008 01420008
01420009 01420009
01420010 01420010
01420011 01420011
01420012 01420012
01420013 01420013
01420014 01420014
01420015 01420015
01420016 01420016
01420017 01420017
01430001 01430001
01430002 01430002
01430003 01430003
01430004 01430004
01430005 01430005
01430008 01430008
01430009 01430009
01430010 01430010
01430011 01430011
01430013 01430013
01440001 01440001
01440002 01440002
01440003 01440003
01440004 01440004
01450001 01450001
01450002 01450002
01450003 01450003
01450004 01450004
01450005 01450005
01450006 01450006
01450007 01450007
01450008 01450008
01450009 01450009
01450010 01450010
01460001 01460001
01460002 01460002
01460003 01460003
01460004 01460004
01460005 01460005
01460006 01460006
01460007 01460007
01460008 01460008
01460009 01460009
01460010 01460010
01460011 01460011
01460012 01460012
01460013 01460013
01460014 01460014
01460015 01460015
01460016 01460016
01460017 01460017
01460018 01460018
01460019 01460019
01460020 01460020
01460021 01460021
01460022 01460022
01460023 01460023
01460024 01460024
01460025 01460025
01460026 01460026
01460027 01460027
01460028 01460028
01460029 01460029
01460030 01460030
01460031 01460031
01460032 01460032
01460033 01460033
01460034 01460034
01460035 01460035
01460036 01460036
01460037 01460037
01460038 01460038
01460039 01460039
01460040 01460040
01460041 01460041
01460042 01460042
01460043 01460043
01460044 01460044
01460045 01460045
01460046 01460046
01460047 01460047
01460048 01460048
01460049 01460049
01460050 01460050
01460051 01460051
01460052 01460052
01460053 01460053
01460054 01460054
01460055 01460055
01460056 01460056
01460057 01460057
01460058 01460058
01460059 01460059
01460060 01460060
01460061 01460061
01460062 01460062
01460063 01460063
01460064 01460064
01460065 01460065
01460066 01460066
01460067 01460067
01460068 01460068
01460069 01460069
01460070 01460070
01470001 01470001
01470002 01470002
01470003 01470003
01470004 01470004
01470005 01470005
01470006 01470006
01470007 01470007
01470008 01470008
01470009 01470009
01470010 01470010
01470011 01470011
01470012 01470012
01470013 01470013
01470014 01470014
01480001 01480001
01480002 01480002
01480003 01480003
01480004 01480004
01480005 01480005
01480006 01480006
01480007 01480007
01480008 01480008
01480009 01480009
01480010 01480010
01490001 01490001
01490002 01490002
01490003 01490003
01490004 01490004
01490005 01490005
01490006 01490006
01490007 01490007
01490008 01490008
01490009 01490009
01490010 01490010
01490011 01490011
01490012 01490012
01490013 01490013
01490014 01490014
01490015 01490015
01490016 01490016
01490017 01490017
01500001 01500001
01500002 01500002
01500003 01500003
01500004 01500004
01500005 01500005
01500006 01500006
01500007 01500007
01500008 01500008
01500009 01500009
01500010 01500010
01500011 01500011
01500012 01500012
01500013 01500013
01510001 01510001
01510002 01510002
01510003 01510003
01510004 01510004
01510005 01510005
01510006 01510006
01510007 01510007
01510008 01510008
01510009 01510009
01520001 01520001
01520002 01520002
01520003 01520003
01520004 01520004
01520005 01520005
01520006 01520006
01520007 01520007
01520008 01520008
01520009 01520009
01520010 01520010
01520011 01520011
01520012 01520012
01520013 01520013
01520014 01520014
01520015 01520015
01520016 01520016
01520017 01520017
01520018 01520018
01520019 01520019
01520020 01520020
01530001 01530001
01530002 01530002
01530003 01530003
01530004 01530004
01530005 01530005
01530006 01530006
01530007 01530007
01530008 01530008
01530009 01530009
01530010 01530010
01530011 01530011
01530012 01530012
01530013 01530013
01530014 01530014
01530015 01530015
01530016 01530016
01530017 01530017
01540001 01540001
01540002 01540002
01540003 01540003
01540004 01540004
01540005 01540005
01540006 01540006
01540007 01540007
01540008 01540008
01540009 01540009
01540010 01540010
01540011 01540011
01540012 01540012
01540013 01540013
01540014 01540014
01540015 01540015
01540016 01540016
01540017 01540017
01550001 01550001
01550002 01550002
01550003 01550003
01550004 01550004
01550005 01550005
01550006 01550006
01550007 01550007
01550008 01550008
01550009 01550009
01550010 01550010
01550011 01550011
01550012 01550012
01550013 01550013
01550014 01550014
01550015 01550015
01550016 01550016
01550017 01550017
01550018 01550018
01550019 01550019
01550020 01550020
01550021 01550021
01550022 01550022
01560001 01560001
01560002 01560002
01560003 01560003
01560004 01560004
01560005 01560005
01560006 01560006
01560007 01560007
01560008 01560008
01560009 01560009
01560010 01560010
01560011 01560011
01560012 01560012
01560013 01560013
01560014 01560014
01560015 01560015
01570001 01570001
01570002 01570002
01570003 01570003
01570004 01570004
01570005 01570005
01570006 01570006
01570007 01570007
01570008 01570008
01570009 01570009
01570010 01570010
01570011 01570011
01570012 01570012
01570013 01570013
01570014 01570014
01570015 01570015
01570016 01570016
01570017 01570017
01570018 01570018
01570019 01570019
01570020 01570020
01570021 01570021
01580001 01580001
01580002 01580002
01580003 01580003
01580004 01580004
01580005 01580005
01580006 01580006
01580007 01580007
01580008 01580008
01580009 01580009
01580010 01580010
01580011 01580011
01580012 01580012
01590001 01590001
01590002 01590002
01590003 01590003
01590004 01590004
01590005 01590005
01590006 01590006
01590007 01590007
01590008 01590008
01590009 01590009
01590010 01590010
01590011 01590011
01590012 01590012
01590013 01590013
01590014 01590014
01590015 01590015
01590016 01590016
01590017 01590017
01590018 01590018
01590019 01590019
01590020 01590020
01600001 01600001
01600002 01600002
01600003 01600003
01600004 01600004
01600005 01600005
01600006 01600006
01600007 01600007
01600008 01600008
01600009 01600009
01600010 01600010
01600011 01600011
01600012 01600012
01600013 01600013
01600014 01600014
01600015 01600015
01600016 01600016
01600017 01600017
01600018 01600018
01600019 01600019
01600020 01600020
01600021 01600021
01600022 01600022
01600023 01600023
01600024 01600024
01600025 01600025
01600026 01600026
01600027 01600027
01600028 01600028
01610001 01610001
01610002 01610002
01610003 01610003
01610004 01610004
01610005 01610005
01610006 01610006
01610007 01610007
01610008 01610008
01610009 01610009
01610010 01610010
01610011 01610011
01610012 01610012
01610013 01610013
01610014 01610014
01610015 01610015
01610016 01610016
01610017 01610017
01610018 01610018
01610019 01610019
01610020 01610020
01610021 01610021
01610022 01610022
01610023 01610023
01610024 01610024
01610025 01610025
01610026 01610026
01610027 01610027
01610028 01610028
01610029 01610029
01610030 01610030
01610031 01610031
01610032 01610032
01610033 01610033
01610034 01610034
01610035 01610035
01610036 01610036
01610037 01610037
01610038 01610038
01610039 01610039
01610040 01610040
01610041 01610041
01610042 01610042
01610043 01610043
01610044 01610044
01620001 01620001
01620002 01620002
01620003 01620003
01620004 01620004
01620005 01620005
01620006 01620006
01620007 01620007
01620008 01620008
01620009 01620009
01620010 01620010
01620011 01620011
01620012 01620012
01620013 01620013
01630001 01630001
01630002 01630002
01630003 01630003
01630004 01630004
01630005 01630005
01630006 01630006
01630007 01630007
01630008 01630008
01630009 01630009
01630010 01630010
01630011 01630011
01630012 01630012
01630013 01630013
01630014 01630014
01630015 01630015
01630016 01630016
01630017 01630017
01630018 01630018
01630019 01630019
01630020 01630020
01630021 01630021
01630022 01630022
01630023 01630023
01630024 01630024
01630025 01630025
01630026 01630026
01630027 01630027
01630028 01630028
01630029 01630029
01630030 01630030
01630031 01630031
01630032 01630032
01630033 01630033
01630034 01630034
01630035 01630035
01630036 01630036
01640001 01640001
01640002 01640002
01640003 01640003
01640004 01640004
01640005 01640005
01640006 01640006
01640007 01640007
01640008 01640008
01640009 01640009
01640010 01640010
01640011 01640011
01640012 01640012
01640013 01640013
01640014 01640014
01640015 01640015
01640016 01640016
01640017 01640017
01650001 01650001
01650002 01650002
01650003 01650003
01650004 01650004
01650005 01650005
01650006 01650006
01650007 01650007
01650008 01650008
01650009 01650009
01650010 01650010
01650011 01650011
01650012 01650012
01650013 01650013
01650014 01650014
01650015 01650015
01650016 01650016
01650017 01650017
01650018 01650018
01650019 01650019
01650020 01650020
01660001 01660001
01660002 01660002
01660003 01660003
01660004 01660004
01660005 01660005
01660006 01660006
01660007 01660007
01660008 01660008
01660009 01660009
01660010 01660010
01660011 01660011
01660012 01660012
01660013 01660013
01660014 01660014
01660015 01660015
01660016 01660016
01670001 01670001
01670002 01670002
01670003 01670003
01670004 01670004
01670005 01670005
01670006 01670006
01670007 01670007
01670008 01670008
01670009 01670009
01670010 01670010
01670011 01670011
01670012 01670012
01670013 01670013
01670014 01670014
01670015 01670015
01670016 01670016
01670017 01670017
01670018 01670018
01670019 01670019
01670020 01670020
01670021 01670021
01670022 01670022
01670023 01670023
01670024 01670024
01670025 01670025
01670026 01670026
01680001 01680001
01680002 01680002
01680003 01680003
01680004 01680004
01680005 01680005
01680006 01680006
01680007 01680007
01680008 01680008
01680009 01680009
01680010 01680010
01680011 01680011
01680012 01680012
01680013 01680013
01680014 01680014
01680015 01680015
01680016 01680016
01680017 01680017
01680018 01680018
01680019 01680019
01680020 01680020
01680021 01680021
01680022 01680022
01690001 01690001
01690002 01690002
01690003 01690003
01690004 01690004
01690005 01690005
01690006 01690006
01700001 01700001
01700002 01700002
01700003 01700003
01700004 01700004
01700005 01700005
01700006 01700006
01700007 01700007
01700008 01700008
01700009 01700009
01700010 01700010
01700011 01700011
01700012 01700012
01700013 01700013
01700014 01700014
01700015 01700015
01700016 01700016
01700017 01700017
01700018 01700018
01700019 01700019
01700020 01700020
01700021 01700021
01700022 01700022
01700023 01700023
01700024 01700024
01700025 01700025
01700026 01700026
01700027 01700027
01700028 01700028
01700029 01700029
01700030 01700030
01700031 01700031
01700032 01700032
01700033 01700033
01700034 01700034
01700035 01700035
01700036 01700036
01700037 01700037
01700038 01700038
01700039 01700039
01700040 01700040
01710001 01710001
01710002 01710002
01710003 01710003
01710004 01710004
01710005 01710005
01710006 01710006
01710007 01710007
01720001 01720001
01720002 01720002
01720003 01720003
01720004 01720004
01720005 01720005
01720006 01720006
01720007 01720007
01720008 01720008
01730001 01730001
01730002 01730002
01730003 01730003
01730004 01730004
01730005 01730005
01730006 01730006
01730007 01730007
01730008 01730008
01730009 01730009
01730010 01730010
01730011 01730011
01740001 01740001
01740002 01740002
01740003 01740003
01740004 01740004
01740005 01740005
01740006 01740006
01740007 01740007
01740008 01740008
01750001 01750001
01750002 01750002
01750003 01750003
01750004 01750004
01750005 01750005
01750006 01750006
01750007 01750007
01750008 01750008
01750009 01750009
01750010 01750010
01750011 01750011
01750012 01750012
01750013 01750013
01750014 01750014
01750015 01750015
01750016 01750016
01750017 01750017
01750018 01750018
01750019 01750019
01750020 01750020
01750021 01750021
01750022 01750022
01750023 01750023
01750024 01750024
01750025 01750025
01750026 01750026
01750027 01750027
01750028 01750028
01750029 01750029
01750030 01750030
01760001 01760001
01760002 01760002
01760003 01760003
01760004 01760004
01760005 01760005
01760006 01760006
01760007 01760007
01780001 01780001
01780002 01780002
01780003 01780003
01780004 01780004
01780005 01780005
01780006 01780006
01780007 01780007
01780008 01780008
01780009 01780009
01780010 01780010
01780011 01780011
01780012 01780012
01780013 01780013
01780014 01780014
01780015 01780015
01780016 01780016
01790001 01790001
01790002 01790002
01790003 01790003
01790004 01790004
01790005 01790005
01790006 01790006
01790007 01790007
01790008 01790008
01790009 01790009
01790010 01790010
01790011 01790011
01790012 01790012
01790013 01790013
01790014 01790014
01790015 01790015
01790016 01790016
01790017 01790017
01790018 01790018
01790019 01790019
01800001 01800001
01800002 01800002
01800003 01800003
01800004 01800004
01800005 01800005
01800006 01800006
01800007 01800007
01800008 01800008
01800009 01800009
01800010 01800010
01800011 01800011
01800012 01800012
01800013 01800013
01800014 01800014
01800016 01800016
01800018 01800018
01800019 01800019
01800020 01800020
01800021 01800021
01800022 01800022
01800023 01800023
01810001 01810001
01810002 01810002
01810003 01810003
01810004 01810004
01810005 01810005
01810006 01810006
01810007 01810007
01810008 01810008
01810009 01810009
01810010 01810010
01810011 01810011
01810012 01810012
01810013 01810013
01810014 01810014
01810015 01810015
01810016 01810016
01820001 01820001
01820002 01820002
01820003 01820003
01820004 01820004
01820005 01820005
01820006 01820006
01820007 01820007
01820008 01820008
01820009 01820009
01820010 01820010
01820011 01820011
01820012 01820012
01820013 01820013
01820014 01820014
01820015 01820015
01830001 01830001
01830002 01830002
01830003 01830003
01830004 01830004
01830005 01830005
01830006 01830006
01830007 01830007
01840001 01840001
01840002 01840002
01840003 01840003
01840004 01840004
01840005 01840005
01840006 01840006
01840007 01840007
01840008 01840008
01850001 01850001
01850002 01850002
01850003 01850003
01850004 01850004
01850005 01850005
01850006 01850006
01860001 01860001
01860002 01860002
01860003 01860003
01860004 01860004
01860005 01860005
01860006 01860006
01860007 01860007
01860008 01860008
01860009 01860009
01860010 01860010
01860011 01860011
01860012 01860012
01860013 01860013
01860014 01860014
01860015 01860015
01860016 01860016
01860017 01860017
01860018 01860018
01870001 01870001
01870002 01870002
01870003 01870003
01870004 01870004
01870005 01870005
01870006 01870006
01870007 01870007
01870008 01870008
01870009 01870009
01870010 01870010
01870011 01870011
01870012 01870012
01870013 01870013
01870014 01870014
01870015 01870015
01870016 01870016
01870017 01870017
01870018 01870018
01870019 01870019
01870020 01870020
01870021 01870021
01870022 01870022
01870023 01870023
01870024 01870024
01870025 01870025
01880001 01880001
01880002 01880002
01880003 01880003
01880004 01880004
01890001 01890001
01890002 01890002
01890003 01890003
01890005 01890005
01890006 01890006
01890009 01890009
01890010 01890010
01890011 01890011
01890012 01890012
01890013 01890013
01890014 01890014
01890015 01890015
01900001 01900001
01900003 01900003
01900006 01900006
01900007 01900007
01900008 01900008
01900010 01900010
01900011 01900011
01900013 01900013
01900014 01900014
01900015 01900015
01900017 01900017
01900018 01900018
01900019 01900019
01900020 01900020
01900021 01900021
01900022 01900022
01900023 01900023
01900024 01900024
01900025 01900025
01900026 01900026
01900027 01900027
01900028 01900028
01910001 01910001
01910002 01910002
01910003 01910003
01910004 01910004
01910005 01910005
01910006 01910006
01910007 01910007
01910008 01910008
01910009 01910009
01910010 01910010
01910011 01910011
01910012 01910012
01910013 01910013
01910014 01910014
01910015 01910015
01910016 01910016
01910017 01910017
01910018 01910018
01910019 01910019
01920001 01920001
01920002 01920002
01920003 01920003
01920005 01920005
01920006 01920006
01920007 01920007
01920008 01920008
01920009 01920009
01920010 01920010
01920011 01920011
01920013 01920013
01930001 01930001
01930002 01930002
01930003 01930003
01930004 01930004
01930005 01930005
01940001 01940001
01940002 01940002
01940003 01940003
01940004 01940004
01940005 01940005
01940006 01940006
01940007 01940007
01940008 01940008
01950001 01950001
01950002 01950002
01950003 01950003
01950004 01950004
01950005 01950005
01950006 01950006
01950007 01950007
01950008 01950008
01950009 01950009
01950010 01950010
01950011 01950011
01950012 01950012
01950013 01950013
01950014 01950014
01950015 01950015
01950016 01950016
01960001 01960001
01960002 01960002
01960003 01960003
01960004 01960004
01960005 01960005
01960006 01960006
01960007 01960007
01960008 01960008
01960009 01960009
01960010 01960010
01960011 01960011
01960012 01960012
01960013 01960013
01960014 01960014
01960015 01960015
01960016 01960016
01960017 01960017
01960018 01960018
01970001 01970001
01970002 01970002
01970003 01970003
01970004 01970004
01970005 01970005
01980001 01980001
01980002 01980002
01980003 01980003
01980004 01980004
01980005 01980005
01990001 01990001
01990002 01990002
01990003 01990003
01990004 01990004
01990005 01990005
02000001 02000001
02000002 02000002
02000004 02000004
02000005 02000005
02000006 02000006
02000007 02000007
02000008 02000008
02000009 02000009
02000010 02000010
02000011 02000011
02000012 02000012
02000013 02000013
02000014 02000014
02000017 02000017
02000018 02000018
02000019 02000019
02000020 02000020
02000021 02000021
02000022 02000022
02000023 02000023
02000024 02000024
02000025 02000025
02000026 02000026
02000027 02000027
02000028 02000028
02000029 02000029
02000030 02000030
02000031 02000031
02000034 02000034
02000035 02000035
02000037 02000037
02000038 02000038
02000039 02000039
02000040 02000040
02000042 02000042
02000044 02000044
02000045 02000045
02000046 02000046
02000047 02000047
02000049 02000049
02000050 02000050
02000051 02000051
02000052 02000052
02010001 02010001
02010002 02010002
02010005 02010005
02010007 02010007
02010011 02010011
02010012 02010012
02010013 02010013
02010015 02010015
02010019 02010019
02010020 02010020
02010021 02010021
02010022 02010022
02010023 02010023
02010025 02010025
02010026 02010026
02010027 02010027
02010037 02010037
02010038 02010038
02010039 02010039
02010040 02010040
02020001 02020001
02020002 02020002
02020003 02020003
02020004 02020004
02020005 02020005
02030008 02030008
02030009 02030009
02030010 02030010
02030011 02030011
02030012 02030012
02030013 02030013
02030014 02030014
02030015 02030015
02030016 02030016
02040001 02040001
02040004 02040004
02040005 02040005
02040006 02040006
02040007 02040007
02040008 02040008
02040009 02040009
02040010 02040010
02040011 02040011
02040012 02040012
02040013 02040013
02040014 02040014
02040015 02040015
02040016 02040016
02040017 02040017
02040018 02040018
02040019 02040019
02040020 02040020
02040021 02040021
02050001 02050001
02050002 02050002
02050003 02050003
02050004 02050004
02050005 02050005
02050006 02050006
02050007 02050007
02050008 02050008
02410001 02410001
02410002 02410002
02410003 02410003
02410004 02410004
02410005 02410005
02410006 02410006
02410007 02410007
02410008 02410008
02410009 02410009
02410010 02410010
02410011 02410011
02410012 02410012
02410013 02410013
02410014 02410014
02410015 02410015
02410016 02410016
02410017 02410017
02420001 02420001
02420002 02420002
02420003 02420003
02420004 02420004
02420005 02420005
02420007 02420007
02420008 02420008
02420009 02420009
02420010 02420010
02420011 02420011
02420012 02420012
02420013 02420013
02420014 02420014
02420015 02420015
02420016 02420016
02420017 02420017
02420018 02420018
02420019 02420019
02420020 02420020
02420021 02420021
02420022 02420022
02420023 02420023
02420024 02420024
02420025 02420025
02420026 02420026
02420027 02420027
02420028 02420028
02420029 02420029
02420030 02420030
02420031 02420031
02420032 02420032
02420033 02420033
02420034 02420034
02420035 02420035
02420036 02420036
02420037 02420037
02420038 02420038
02420039 02420039
02420040 02420040
02420041 02420041
02420042 02420042
02420043 02420043
02420044 02420044
02420045 02420045
02420046 02420046
02420047 02420047
02420048 02420048
02420049 02420049
02420050 02420050
02420051 02420051
02420052 02420052
02420053 02420053
02430001 02430001
02430002 02430002
02430003 02430003
02430004 02430004
02430005 02430005
02430006 02430006
02430007 02430007
02430008 02430008
02430009 02430009
02430010 02430010
02430011 02430011
02430012 02430012
02430013 02430013
02430014 02430014
02430015 02430015
02430016 02430016
02430017 02430017
02430018 02430018
02430019 02430019
02430020 02430020
02430021 02430021
02430022 02430022
02430023 02430023
02430024 02430024
02430025 02430025
02430026 02430026
02430027 02430027
02430028 02430028
02430029 02430029
02430030 02430030
02430031 02430031
02430032 02430032
02430033 02430033
02430034 02430034
02430035 02430035
02430036 02430036
02430037 02430037
02430038 02430038
02430039 02430039
02430040 02430040
02430041 02430041
02430042 02430042
02430043 02430043
02430044 02430044
02430045 02430045
02430046 02430046
02440001 02440001
02440002 02440002
02440003 02440003
02440004 02440004
02440005 02440005
02440006 02440006
02440007 02440007
02440008 02440008
02450001 02450001
02450002 02450002
02450003 02450003
02450004 02450004
02450005 02450005
02450006 02450006
02450007 02450007
02450008 02450008
02450009 02450009
02450010 02450010
02450011 02450011
02450012 02450012
02450013 02450013
02450014 02450014
02450015 02450015
02450016 02450016
02450017 02450017
02450018 02450018
02450019 02450019
02450020 02450020
02470001 02470001
02470002 02470002
02470003 02470003
02470004 02470004
02470005 02470005
02470006 02470006
02470007 02470007
02470008 02470008
02470009 02470009
02470010 02470010
02470011 02470011
02470012 02470012
02470013 02470013
02470014 02470014
02480001 02480001
02480002 02480002
02480003 02480003
02480004 02480004
02480005 02480005
02480006 02480006
02480007 02480007
02480008 02480008
02480009 02480009
02480010 02480010
02480011 02480011
02480012 02480012
02480013 02480013
02480014 02480014
02480015 02480015
02480016 02480016
02490001 02490001
02490002 02490002
02490003 02490003
02490004 02490004
02490005 02490005
02490006 02490006
02490007 02490007
02490008 02490008
02490009 02490009
02490010 02490010
02490011 02490011
02490012 02490012
02490013 02490013
02500001 02500001
02500002 02500002
02500003 02500003
02500004 02500004
02500005 02500005
02500006 02500006
02500007 02500007
02510001 02510001
02510002 02510002
02510003 02510003
02510004 02510004
02510005 02510005
02510006 02510006
02510007 02510007
02510008 02510008
02510009 02510009
02510010 02510010
02510011 02510011
02510012 02510012
02510013 02510013
02510014 02510014
02510015 02510015
02520001 02520001
02520002 02520002
02520003 02520003
02520004 02520004
02520005 02520005
02520006 02520006
02520007 02520007
02520008 02520008
02520009 02520009
02520010 02520010
02520011 02520011
02520012 02520012
02520013 02520013
02520014 02520014
02520015 02520015
02520016 02520016
02530001 02530001
02530002 02530002
02530003 02530003
02530004 02530004
02530005 02530005
02530006 02530006
02530007 02530007
02530008 02530008
02530009 02530009
02540001 02540001
02540002 02540002
02540003 02540003
02540004 02540004
02540005 02540005
02540006 02540006
02540007 02540007
02540008 02540008
02540009 02540009
02540010 02540010
02540011 02540011
02540012 02540012
02540013 02540013
02540014 02540014
02540015 02540015
02540016 02540016
02540017 02540017
02540018 02540018
02540019 02540019
02540020 02540020
02540021 02540021
02540022 02540022
02540023 02540023
02540024 02540024
02540025 02540025
02540026 02540026
