00010001 5.78 
00010002 5.3 
00010003 6.62 
00010004 5.91 
00010005 4.47 
00010006 7.29 
00010007 4.49 
00010008 5.12 
00010009 3.15 
00010010 3.58 
00020001 4.61 
00020002 4.31 
00020003 4.27 
00020004 5.47 
00020005 4.57 
00020006 4.71 
00020007 4.59 
00020008 5 
00020009 4.89 
00020010 2.21 
00020011 2.88 
00020012 4.69 
00020013 2.39 
00020014 2.51 
00020015 5.11 
00020016 4.9 
00020017 4.84 
00020018 5.17 
00020019 3.99 
00020020 5.12 
00020021 4.15 
00020022 4.13 
00020023 5.44 
00020024 5.24 
00020025 5.57 
00020026 5.55 
00030008 5.55 
00030010 5.24 
00030012 2.52 
00030018 4.99 
00030020 6.3 
00030027 6.49 
00030028 2.32 
00040001 1.77 
00040002 2.25 
00040003 2.52 
00040004 2.28 
00040005 3.46 
00040006 2.57 
00040007 2.43 
00040008 5.15 
00040009 4 
00050001 3.89 
00050002 3.67 
00050003 4.27 
00050004 3.92 
00050005 4.26 
00050006 7.2 
00050007 4.31 
00050008 2.9 
00050009 3.05 
00060001 4.12 
00060002 3.68 
00060003 7.55 
00060004 2.82 
00060005 2.45 
00060006 4.31 
00070001 4.81 
00070002 8.87 
00070003 0.84 
00070004 2.73 
00070005 2.71 
00070006 5.8 
00080001 6.99 
00080002 3.16 
00080003 3.9 
00080004 2.4 
00080005 3.73 
00080006 3.56 
00080007 2.94 
00080020 2.32 
00080025 2.9 
00080026 3.35 
00080027 1.75 
00090001 3.82 
00090002 4.21 
00090003 4.14 
00090004 2.06 
00100001 2.02 
00100002 1.51 
00100003 2.17 
00100004 2.04 
00100005 2.19 
00100006 3 
00100007 3.85 
00110001 3.61 
00110002 3.42 
00110003 6.24 
00110004 4.75 
00110005 2.87 
00110006 1.85 
00110007 4.75 
00110008 1.85 
00110009 1.48 
00110010 1.13 
00110011 2.99 
00110012 4.48 
00120014 2.33 
00130005 2.11 
00130006 2.44 
00130007 2.96 
00130008 1.76 
00130009 3.01 
00130010 2.73 
00150001 5.85 
00150002 5.8 
00150003 1.54 
00150004 5 
00150005 2.74 
00150006 2.22 
00150007 5.54 
00150008 5.48 
00150009 3.85 
00150010 2.66 
00150011 3.42 
00150012 3.55 
00150013 4.47 
00160001 4.79 
00160002 5.96 
00160003 3.83 
00160004 4.08 
00160005 5.54 
00180001 3.77 
00180002 4.07 
00180003 6.7 
00180004 3.68 
00180005 2.69 
00180006 4.56 
00180007 4.36 
00180009 1.27 
00180010 2.33 
00180011 4.26 
00180012 4.67 
00180013 3.78 
00180014 3.92 
00180015 2.87 
00180016 2.89 
00180017 1.88 
00180018 1.8 
00180019 4.38 
00180020 2.1 
00190001 3.05 
00190002 3.73 
00190003 2.9 
00190004 4.41 
00190005 3.58 
00190006 4.74 
00190007 3.74 
00190008 4.89 
00190009 3.6 
00190010 4.3 
00190011 3.73 
00190012 5.23 
00190013 7.02 
00200001 3.9 
00200002 3.03 
00200003 4.77 
00200004 3.44 
00200005 4.39 
00200006 4.15 
00200007 3.67 
00200008 2.73 
00210001 5.23 
00210002 6.68 
00210003 7.49 
00210004 6.64 
00210005 6.53 
00210006 6.95 
00210007 1.64 
00210008 4.86 
00210009 6.2 
00210010 7.31 
00210011 5.45 
00210012 6.48 
00210013 6.83 
00210014 6.77 
00210015 7.72 
00220001 5.69 
00220002 6.02 
00220003 6.09 
00220004 5.9 
00220005 6.83 
00220006 6.87 
00220007 7.5 
00220008 2.55 
00230001 5.62 
00230002 5.05 
00230003 5.04 
00230004 6.25 
00230005 5.76 
00230006 5.27 
00230007 5.67 
00230008 6.34 
00230009 6.47 
00230010 5.75 
00230011 6.21 
00230012 5.5 
00240001 3.19 
00240002 2.5 
00240003 4.19 
00240004 2.12 
00240005 3.22 
00240006 2.82 
00240007 5.17 
00240008 3.03 
00240009 2.39 
00240010 2.98 
00240011 2.87 
00240012 3.99 
00240013 3.07 
00240014 3.92 
00520002 1.96 
00520005 5.96 
00520006 4.96 
00530002 4.18 
00530003 4.74 
00530004 4.96 
00530006 4.46 
00530007 3.54 
00530008 2.02 
00530009 4.02 
00530010 5.46 
00530011 4.42 
00610001 2.19 
00610002 1.66 
00610003 3.67 
00610004 5.06 
00610005 6.38 
00610006 5.17 
00610007 6.1 
00610008 5.97 
00610009 5.83 
00610010 5.61 
00610011 5.87 
00610012 4.18 
00610013 3.54 
00610014 6.77 
00610020 3.92 
00610021 3.61 
00610023 3.37 
01150001 1.51 
01150002 4.85 
01150003 1.43 
01150004 4.12 
01150005 1.62 
01150006 5.05 
01150007 1.51 
01150008 4.31 
01150009 5.47 
01150010 5.57 
01150011 5.37 
01150012 2.91 
01150013 3.18 
01150014 3.49 
01150015 3.86 
01150016 6.23 
01150017 6.54 
01150018 5.35 
01150019 1.72 
01150020 2.34 
01150021 2.37 
01150022 2.61 
01150023 3.65 
01150024 3.79 
01150025 7.3 
01150026 0.6811875 
01160001 2.1 
01160002 2.89 
01160003 2.92 
01160004 2.9 
01160005 3.11 
01160006 2.89 
01170001 2.58 
01170002 2.28 
01170003 2.58 
01170004 5.9 
01170005 2.14 
01170006 3.23 
01170007 2.19 
01170008 2.5 
01170009 2.71 
01180001 3.26 
01180002 2.97 
01180003 5.56 
01180004 2.95 
01180005 2.88 
01180006 3.23 
01180009 2.82 
01180010 5.27 
01180011 3.25 
01180012 2.84 
01180013 3.17 
01190001 5.44 
01190002 5.66 
01190003 5.25 
01190004 2.51 
01200001 4.08 
01200002 3.88 
01200003 4.37 
01200004 3.87 
01200005 4.3 
01200006 3.77 
01200007 4.26 
01200008 3.17 
01210001 5.48 
01210002 3.41 
01210003 3.1 
01210004 4.27 
01220001 4.2 
01220002 4.06 
01220003 3.93 
01220004 2.31 
01220005 4.88 
01230001 3 
01230002 3.06 
01230003 6.74 
01230004 3.13 
01230005 3.16 
01230006 3.18 
01230007 2.88 
01230008 2.08 
01230009 4.96 
01230010 3.56 
01230011 4.26 
01230012 3.27 
01230013 3.43 
01230014 3.82 
01230015 5.13 
01230016 3.04 
01230017 3.73 
01230018 2.72 
01230019 2.92 
01240001 6.03 
01240002 3.77 
01240003 2.64 
01240004 6.46 
01240005 4.25 
01240006 2.06 
01240007 1.96 
01240008 4.94 
01240009 1.24 
01240010 5.13 
01250001 3.5 
01250002 4.6 
01250003 2.05 
01250004 4.65 
01250005 2.46 
01250006 6.85 
01250007 5.38 
01250008 4.6 
01250009 5.12 
01250010 4.01 
01250011 6.97 
01250012 3.77 
01250013 2.12 
01250014 4.14 
01250015 1.83 
01260001 2.22 
01260002 4.13 
01260003 2.65 
01270001 2.31 
01270002 2.28 
01270003 5.02 
01270004 2.44 
01270005 3.53 
01270006 4.37 
01270007 4.94 
01270008 5.07 
01270009 5.84 
01270010 4.12 
01270011 2.58 
01280001 4.63 
01280002 3.35 
01280003 6.41 
01280004 3 
01280005 4.3 
01280006 5.21 
01280008 4.74 
01280009 7.02 
01280010 6.22 
01280011 7 
01280012 6.07 
01280013 3.9 
01280014 2.94 
01290003 4.81 
01290005 3.64 
01290006 3.06 
01290007 2.28 
01300001 3.26 
01300002 2.46 
01300003 3.45 
01300004 2.78 
01300005 3.34 
01300006 2.56 
01300007 3.38 
01300008 2.73 
01300009 4.16 
01300010 4.09 
01300011 4.86 
01300012 6.3 
01300013 4.57 
01300014 6.55 
01300015 4.05 
01300016 8.7 
01300017 4.89 
01300018 8.49 
01300019 6.06 
01300020 7.65 
01300021 2.68 
01300022 2.85 
01300023 3.78 
01300024 2.74 
01300025 2.35 
01300026 2.94 
01300027 3.36 
01310001 2.27 
01310002 3.55 
01310003 6.6 
01310004 2.81 
01310005 4.28 
01310006 6.81 
01310007 2.07 
01310008 7.34 
01310009 6.72 
01310010 3.37 
01310011 4.38 
01310012 7.2 
01310013 2.96 
01310014 4.14 
01310015 4.58 
01310016 4.13 
01310017 5.11 
01320001 3.62 
01320002 3.84 
01320003 5.96 
01320004 3.44 
01320005 3.42 
01320006 4.82 
01320007 5.95 
01320008 5.58 
01320009 6.87 
01320010 8.05 
01320011 3.78 
01320012 3.07 
01320013 3.24 
01320014 4.26 
01320015 5.72 
01320016 3.27 
01320017 3.08 
01320018 4.52 
01330001 4.84 
01330002 6.98 
01330003 5.33 
01330004 4.99 
01330005 6.88 
01330006 4.74 
01330007 2.48 
01330008 5.69 
01330009 6.04 
01330010 5.41 
01340001 4.3 
01340002 3.71 
01340003 5.01 
01340004 3.42 
01360001 7.08 
01360002 6.97 
01360003 6.56 
01360004 3.16 
01360005 3.26 
01370001 4.83 
01370002 5.12 
01370003 5.29 
01370004 5.2 
01380001 2.59 
01380002 2.18 
01380003 2.27 
01380004 2.55 
01380005 2.25 
01380006 3.67 
01380007 3.8 
01380008 2.75 
01380009 3.37 
01380010 3.62 
01380011 2.59 
01380012 3.55 
01380013 2.56 
01380014 4.93 
01380015 4.04 
01380016 5.66 
01390001 4.28 
01390002 3.97 
01390003 4.29 
01390004 3.07 
01390005 2.21 
01390006 3.18 
01390007 2.19 
01390008 6.45 
01390009 5.97 
01390010 6.51 
01400001 6.03 
01400002 6.62 
01400003 6.4 
01400004 5.8 
01400005 6.42 
01400006 6.38 
01400007 6.26 
01410001 6.44 
01410002 6.68 
01410003 6.45 
01410004 6.03 
01410005 6.96 
01410006 4.27 
01410009 6.27 
01410010 6.73 
01410012 6.66 
01410013 5.49 
01410014 6.66 
01410015 6.81 
01410016 6.57 
01410017 5.11 
01410018 6.77 
01420001 5.97 
01420002 6.04 
01420003 6.45 
01420004 5.35 
01420005 2.48 
01420006 4.02 
01420007 6.34 
01420008 6.45 
01420009 6.42 
01420010 6.3 
01420011 6.22 
01420012 6.05 
01420013 4.95 
01420014 6.38 
01420015 6.45 
01420016 6.69 
01420017 5.36 
01430001 3.1 
01430002 3.08 
01430003 4.93 
01430004 6.06 
01430005 5.38 
01430008 6.21 
01430009 2.32 
01430010 2.31 
01430011 2.47 
01430013 2.39 
01440001 3.26 
01440002 3.45 
01440003 5.72 
01440004 2.03 
01450001 6.04 
01450002 3.23 
01450003 5.08 
01450004 2.32 
01450005 5.76 
01450006 2.84 
01450007 4.11 
01450008 4.55 
01450009 5.3 
01450010 2.97 
01460001 4.6 
01460002 4.2 
01460003 3.86 
01460004 4.14 
01460005 2.9 
01460006 1.2 
01460007 4.02 
01460008 3.9 
01460009 4.12 
01460010 5.48 
01460011 3.58 
01460012 6.06 
01460013 1.9 
01460014 3.58 
01460015 3.62 
01460016 2.4 
01460017 4.06 
01460018 5.42 
01460019 4.14 
01460020 3.64 
01460021 1.24 
01460022 2.76 
01460023 3.7 
01460024 4.46 
01460025 6.82 
01460026 5.64 
01460027 3.98 
01460028 4.04 
01460029 4.24 
01460030 5.06 
01460031 4.42 
01460032 6.16 
01460033 4.84 
01460034 4.3 
01460035 5.88 
01460036 4.94 
01460037 3.74 
01460038 5.18 
01460039 6.34 
01460040 4.26 
01460041 1.88 
01460042 4.06 
01460043 4.72 
01460044 3.94 
01460045 4.84 
01460046 5.36 
01460047 3.68 
01460048 3.1 
01460049 1.68 
01460050 3.1 
01460051 4.7 
01460052 3.7 
01460053 1.36 
01460054 4.32 
01460055 4.82 
01460056 5.66 
01460057 2.56 
01460058 4.6 
01460059 4.86 
01460060 2.46 
01460061 2.08 
01460062 5.18 
01460063 4.9 
01460064 3.26 
01460065 5.56 
01460066 3.88 
01460067 1.5 
01460068 3.78 
01460069 3.1 
01460070 4.94 
01470001 3.84 
01470002 4.46 
01470003 4.22 
01470004 4.42 
01470005 4.96 
01470006 4.32 
01470007 2.66 
01470008 1.84 
01470009 3.14 
01470010 4.3 
01470011 2.96 
01470012 2.04 
01470013 3.14 
01470014 3.32 
01480001 3.9 
01480002 2.76 
01480003 4.62 
01480004 1.18 
01480005 4.7 
01480006 6.96 
01480007 6.74 
01480008 6.52 
01480009 3.48 
01480010 6.56 
01490001 3.38 
01490002 3.16 
01490003 2.94 
01490004 3.26 
01490005 6.92 
01490006 2.46 
01490007 3.06 
01490008 6.28 
01490009 2.88 
01490010 3.24 
01490011 3.62 
01490012 2.92 
01490013 3.46 
01490014 2.4 
01490015 3.36 
01490016 6.92 
01490017 2.94 
01500001 3.96 
01500002 2.78 
01500003 4.08 
01500004 5.9 
01500005 2.26 
01500006 2.86 
01500007 3.48 
01500008 2.68 
01500009 5 
01500010 3.7 
01500011 2.74 
01500012 4.24 
01500013 3.74 
01510001 3.72 
01510002 4.02 
01510003 3.5 
01510004 3.58 
01510005 3.1 
01510006 1.68 
01510007 3.74 
01510008 3.7 
01510009 1.7 
01520001 2.36 
01520002 2.34 
01520003 2.83 
01520004 2.5 
01520005 2.57 
01520006 2.48 
01520007 2.46 
01520008 2.26 
01520009 2.14 
01520010 2.38 
01520011 3.11 
01520012 2.56 
01520013 3.3 
01520014 4.19 
01520015 3.16 
01520016 2.19 
01520017 1.86 
01520018 1.7 
01520019 1.61 
01520020 1.98 
01530001 3.16 
01530002 2.85 
01530003 2.82 
01530004 3.06 
01530005 3.28 
01530006 3.09 
01530007 2.91 
01530008 1.85 
01530009 2.09 
01530010 1.55 
01530011 3.48 
01530012 6 
01530013 2.13 
01530014 5.13 
01530015 5.23 
01530016 4.31 
01530017 2.3 
01540001 2.07 
01540002 2.74 
01540003 1.72 
01540004 2.92 
01540005 3.24 
01540006 2.81 
01540007 2.08 
01540008 1.81 
01540009 3.59 
01540010 3.12 
01540011 5.54 
01540012 1.51 
01540013 4.67 
01540014 4.76 
01540015 1.7 
01540016 1.51 
01540017 1.69 
01550001 2.53 
01550002 3.91 
01550003 2.05 
01550004 4.13 
01550005 1.9 
01550006 4.35 
01550007 5 
01550008 2.24 
01550009 2.4 
01550010 2.4 
01550011 3.13 
01550012 2.42 
01550013 2.96 
01550014 5.45 
01550015 3.14 
01550016 2.91 
01550017 2.91 
01550018 3.14 
01550019 3.23 
01550020 3.18 
01550021 5.06 
01550022 1.78 
01560001 2.55 
01560002 1.31 
01560003 2.31 
01560004 2.73 
01560005 1.82 
01560006 2.76 
01560007 2.7 
01560008 1.94 
01560009 2.56 
01560010 2.7 
01560011 4.28 
01560012 3.02 
01560013 2.95 
01560014 3.52 
01560015 2.55 
01570001 1.97 
01570002 4.44 
01570003 1.91 
01570004 3.45 
01570005 1.81 
01570006 4.77 
01570007 3.5 
01570008 1.8 
01570009 1.67 
01570010 3.23 
01570011 2.04 
01570012 4.14 
01570013 1.9 
01570014 4.93 
01570015 2.33 
01570016 1.93 
01570017 2.18 
01570018 4.27 
01570019 2.96 
01570020 5.6 
01570021 3.03 
01580001 2.41 
01580002 1.95 
01580003 2.89 
01580004 2.84 
01580005 2.05 
01580006 2.54 
01580007 1.47 
01580008 0.49 
01580009 2.98 
01580010 5.61 
01580011 2.4 
01580012 2.39 
01590001 2.78 
01590002 3.4 
01590003 2.68 
01590004 3.34 
01590005 2.28 
01590006 3.28 
01590007 2.38 
01590008 2.18 
01590009 3.92 
01590010 3.44 
01590011 2.34 
01590012 3.68 
01590013 3.02 
01590014 2.92 
01590015 3.04 
01590016 2.84 
01590017 3.02 
01590018 2.52 
01590019 2.34 
01590020 5.5 
01600001 3.24 
01600002 3.28 
01600003 3.58 
01600004 3.26 
01600005 3.68 
01600006 3.18 
01600007 3.94 
01600008 3 
01600009 3.42 
01600010 3.14 
01600011 3.56 
01600012 4.84 
01600013 4.98 
01600014 3.98 
01600015 5.64 
01600016 3.34 
01600017 3.34 
01600018 3.54 
01600019 3.24 
01600020 3.5 
01600021 3.22 
01600022 5.92 
01600023 4.64 
01600024 3.08 
01600025 7.2 
01600026 3.72 
01600027 3.6 
01600028 3.84 
01610001 3.51 
01610002 4.42 
01610003 4.04 
01610004 4.38 
01610005 2.71 
01610006 6.25 
01610007 3.71 
01610008 5.85 
01610009 3.33 
01610010 4.62 
01610011 3.28 
01610012 5.2 
01610013 2.86 
01610014 5.89 
01610015 3.88 
01610016 2.11 
01610017 2.41 
01610018 6.03 
01610019 3.5 
01610020 2.66 
01610021 3.3 
01610022 2.76 
01610023 3.5 
01610024 2.42 
01610025 3.16 
01610026 3.04 
01610027 3.2 
01610028 2.92 
01610029 3 
01610030 2.94 
01610031 3.06 
01610032 6.32 
01610033 3.19 
01610034 3.62 
01610035 5.99 
01610036 3.64 
01610037 3.14 
01610038 6.63 
01610039 3.13 
01610040 3.6 
01610041 3.68 
01610042 3.14 
01610043 3.79 
01610044 4.86 
01620001 2.71 
01620002 2.71 
01620003 5.17 
01620004 2.88 
01620005 3.1 
01620006 5.31 
01620007 3.7 
01620008 3.01 
01620009 3.93 
01620010 2.51 
01620011 2.92 
01620012 3.76 
01620013 2.77 
01630001 3.36 
01630002 1.18 
01630003 0.59 
01630004 6.19 
01630005 3.51 
01630006 2.48 
01630007 2.13 
01630008 1.19 
01630009 2.4 
01630010 5.86 
01630011 3.52 
01630012 2.42 
01630013 3.17 
01630014 2.32 
01630015 3.45 
01630016 1.2 
01630017 1.02 
01630018 3.07 
01630019 2.46 
01630020 3.47 
01630021 2.3 
01630022 3.7 
01630023 2.34 
01630024 3.64 
01630025 2.68 
01630026 3.35 
01630027 2.41 
01630028 3.43 
01630029 2.11 
01630030 3.14 
01630031 3.7 
01630032 3.43 
01630033 2.59 
01630034 4.72 
01630035 4.37 
01630036 1.68 
01640001 2.84 
01640002 4.74 
01640003 1.72 
01640004 1.84 
01640005 2 
01640006 4.18 
01640007 3.9 
01640008 2.96 
01640009 2.19 
01640010 2.34 
01640011 3.29 
01640012 4.61 
01640013 2.31 
01640014 2.33 
01640015 2.03 
01640016 3.12 
01640017 1.93 
01650001 4.01 
01650002 2.96 
01650003 3.11 
01650004 2.58 
01650005 3.31 
01650006 3.2 
01650007 2.63 
01650008 4.03 
01650009 4.5 
01650010 2.03 
01650011 3.36 
01650012 2.96 
01650013 5.95 
01650014 5.09 
01650015 3.08 
01650016 2.23 
01650017 3.41 
01650018 3.06 
01650019 3.2 
01650020 2.27 
01660001 1.46 
01660002 2.46 
01660003 6.62 
01660004 2.16 
01660005 3.08 
01660006 2.22 
01660007 3.02 
01660008 1.18 
01660009 5.52 
01660010 2.28 
01660011 1.44 
01660012 2.48 
01660013 2.56 
01660014 2.76 
01660015 4.44 
01660016 5.1 
01670001 3.68 
01670002 3.12 
01670003 1.76 
01670004 4.54 
01670005 2.22 
01670006 3 
01670007 2.38 
01670008 2.38 
01670009 5.34 
01670010 1.68 
01670011 2.72 
01670012 5.38 
01670013 5.12 
01670014 4.78 
01670015 4.88 
01670016 4.36 
01670017 5.58 
01670018 4.64 
01670019 2.52 
01670020 2.38 
01670021 4.96 
01670022 4.06 
01670023 2.76 
01670024 2.12 
01670025 4.82 
01670026 5.16 
01680001 4.02 
01680002 5.64 
01680003 4.64 
01680004 1.56 
01680005 3.84 
01680006 3.9 
01680007 4 
01680008 1.78 
01680009 2.72 
01680010 1.84 
01680011 2.76 
01680012 2.08 
01680013 3.76 
01680014 4.78 
01680015 4.4 
01680016 2.92 
01680017 2.32 
01680018 3.02 
01680019 4.4 
01680020 4.78 
01680021 3.02 
01680022 1.94 
01690001 3.12 
01690002 2.4 
01690003 4.08 
01690004 2.7 
01690005 2.06 
01690006 3.48 
01700001 3.72 
01700002 2.08 
01700003 3.54 
01700004 2.54 
01700005 2.34 
01700006 3.74 
01700007 3.52 
01700008 2.4 
01700009 3.86 
01700010 2.76 
01700011 2.2 
01700012 4.02 
01700013 3.7 
01700014 4.4 
01700015 2.32 
01700016 3.48 
01700017 3.8 
01700018 2.72 
01700019 4.04 
01700020 3.3 
01700021 2.4 
01700022 3.78 
01700023 5.02 
01700024 3.88 
01700025 4.06 
01700026 5.7 
01700027 4.78 
01700028 2.76 
01700029 5.02 
01700030 5.96 
01700031 5.2 
01700032 4.2 
01700033 4.2 
01700034 4.38 
01700035 2.96 
01700036 6.28 
01700037 3.96 
01700038 2.48 
01700039 2.84 
01700040 2.06 
01710001 2.95 
01710002 2.7 
01710003 5.7 
01710004 2.86 
01710005 2.66 
01710006 2.97 
01710007 2.75 
01720001 3.64 
01720002 3.58 
01720003 3.42 
01720004 3.74 
01720005 3.18 
01720006 3.4 
01720007 3.44 
01720008 2.48 
01730001 6.12 
01730002 6.04 
01730003 6.24 
01730004 6.1 
01730005 3.76 
01730006 3.84 
01730007 5.88 
01730008 2.86 
01730009 2.3 
01730010 3.36 
01730011 1.9 
01740001 4.64 
01740002 2.84 
01740003 2.94 
01740004 4.98 
01740005 4.04 
01740006 3.06 
01740007 2.28 
01740008 5.98 
01750001 1.78 
01750002 1.6 
01750003 3 
01750004 1.72 
01750005 2 
01750006 2.26 
01750007 3.28 
01750008 3.18 
01750009 3.22 
01750010 3.28 
01750011 5.98 
01750012 7.96 
01750013 7.2 
01750014 2.9 
01750015 4.96 
01750016 3.8 
01750017 3.96 
01750018 3.64 
01750019 3.84 
01750020 4.48 
01750021 3.64 
01750022 4.44 
01750023 3.32 
01750024 4.54 
01750025 2.88 
01750026 2.76 
01750027 2.18 
01750028 3.1 
01750029 2.96 
01750030 3.08 
01760001 3.08 
01760002 2.2 
01760003 2.38 
01760004 2.32 
01760005 2.32 
01760006 2.38 
01760007 1.76 
01780001 1.2 
01780002 1.78 
01780003 1.46 
01780004 1.66 
01780005 1.16 
01780006 1.78 
01780007 2.46 
01780008 3.12 
01780009 1.16 
01780010 2.12 
01780011 1.36 
01780012 2.92 
01780013 2.64 
01780014 3.82 
01780015 3.28 
01780016 2.18 
01790001 5 
01790002 5.02 
01790003 3.66 
01790004 2.14 
01790005 2.7 
01790006 2.7 
01790007 1.48 
01790008 3.74 
01790009 5.08 
01790010 3.56 
01790011 1.58 
01790012 1.16 
01790013 3.28 
01790014 4.24 
01790015 5.96 
01790016 4.36 
01790017 1.82 
01790018 3.16 
01790019 2.74 
01800001 5.16 
01800002 5.3 
01800003 2.66 
01800004 2.24 
01800005 4.36 
01800006 4.98 
01800007 5.04 
01800008 2.6 
01800009 2.4 
01800010 1.6 
01800011 3 
01800012 2.04 
01800013 2.8 
01800014 3.22 
01800016 2.58 
01800018 4.6 
01800019 4.58 
01800020 2.68 
01800021 0.98 
01800022 1.12 
01800023 2.88 
01810001 5.76 
01810002 1.7 
01810003 2.12 
01810004 3.16 
01810005 2.26 
01810006 5.38 
01810007 2.14 
01810008 5.3 
01810009 5.28 
01810010 1.58 
01810011 1.66 
01810012 4.62 
01810013 2.28 
01810014 4.6 
01810015 3.78 
01810016 1.58 
01820001 4.2 
01820002 4.1 
01820003 1.88 
01820004 1.38 
01820005 3.68 
01820006 3.88 
01820007 4.18 
01820008 2.4 
01820009 5.24 
01820010 1.68 
01820011 2.5 
01820012 3.44 
01820013 2.22 
01820014 4.08 
01820015 1.44 
01830001 5.12 
01830002 4.44 
01830003 6.02 
01830004 4.59 
01830005 6.24 
01830006 4.6 
01830007 5.9 
01840001 5.93 
01840002 5.08 
01840003 5.97 
01840004 4.95 
01840005 6.25 
01840006 5.31 
01840007 5.92 
01840008 5.07 
01850001 6 
01850002 3.44 
01850003 3.48 
01850004 3.24 
01850005 3.16 
01850006 5.93 
01860001 4.94 
01860002 6.14 
01860003 4.41 
01860004 6.05 
01860005 4.15 
01860006 4.17 
01860007 3.9 
01860008 5.42 
01860009 6.76 
01860010 5.9 
01860011 5.62 
01860012 5.64 
01860013 6.1 
01860014 5.64 
01860015 6.08 
01860016 5.92 
01860017 2.64 
01860018 3.42 
01870001 5.13 
01870002 6 
01870003 4.89 
01870004 6.18 
01870005 4.26 
01870006 2.67 
01870007 6.12 
01870008 2.79 
01870009 4.02 
01870010 5.34 
01870011 5.64 
01870012 6.24 
01870013 6.28 
01870014 2.91 
01870015 3.42 
01870016 4.56 
01870017 5.82 
01870018 2.46 
01870019 3.27 
01870020 5.4 
01870021 6.06 
01870022 5.94 
01870023 5.73 
01870024 5.52 
01870025 4.65 
01880001 4.2 
01880002 3.86 
01880003 4.2 
01880004 3.16 
01890001 4.78 
01890002 5 
01890003 3.96 
01890005 4.51 
01890006 4.88 
01890009 4.84 
01890010 5.25 
01890011 5.44 
01890012 4.13 
01890013 5.33 
01890014 3.66 
01890015 6.3 
01900001 6.3 
01900003 3.27 
01900006 5.56 
01900007 5.8 
01900008 7.14 
01900010 3.05 
01900011 6 
01900013 2.98 
01900014 5.85 
01900015 5.84 
01900017 4.14 
01900018 4.23 
01900019 3.21 
01900020 5.91 
01900021 4.47 
01900022 4.92 
01900023 4.18 
01900024 3.55 
01900025 4.2 
01900026 3.66 
01900027 3.85 
01900028 3.57 
01910001 5.82 
01910002 5.36 
01910003 2.7 
01910004 3.82 
01910005 5.4 
01910006 6.06 
01910007 5.48 
01910008 5.98 
01910009 5.9 
01910010 2.5 
01910011 3.92 
01910012 2.38 
01910013 5.16 
01910014 6 
01910015 3.06 
01910016 3.41 
01910017 2.95 
01910018 2.99 
01910019 5.5 
01920001 4.08 
01920002 2.55 
01920003 5.1 
01920005 2.76 
01920006 5.42 
01920007 5.2 
01920008 4.75 
01920009 5.36 
01920010 3.76 
01920011 4.7 
01920013 6.22 
01930001 4.43 
01930002 4.31 
01930003 4.77 
01930004 2.53 
01930005 4.37 
01940001 3.54 
01940002 4.96 
01940003 3.56 
01940004 5.26 
01940005 3.73 
01940006 4.56 
01940007 4.68 
01940008 4.12 
01950001 5.34 
01950002 5.58 
01950003 5.97 
01950004 5.62 
01950005 5.2 
01950006 5.78 
01950007 6.18 
01950008 4.68 
01950009 5.94 
01950010 5.53 
01950011 6.28 
01950012 6.05 
01950013 6.06 
01950014 5.88 
01950015 6.07 
01950016 5.67 
01960001 5.79 
01960002 5.65 
01960003 5.69 
01960004 5.51 
01960005 6.3 
01960006 6.48 
01960007 6.09 
01960008 5.36 
01960009 5.55 
01960010 5.58 
01960011 2.68 
01960012 5.73 
01960013 3.03 
01960014 3.2 
01960015 6.05 
01960016 5.98 
01960017 3.9 
01960018 2.33 
01970001 4.23 
01970002 3.82 
01970003 2.56 
01970004 4.1 
01970005 1.66 
01980001 4.3 
01980002 4.69 
01980003 4.94 
01980004 5.01 
01980005 5 
01990001 2.47 
01990002 4.82 
01990003 2.29 
01990004 5.35 
01990005 5.61 
02000001 3.03 
02000002 3.87 
02000004 3.33 
02000005 2.95 
02000006 4.42 
02000007 2.85 
02000008 4.38 
02000009 3.78 
02000010 2.4 
02000011 3.27 
02000012 3.69 
02000013 3.8 
02000014 4.15 
02000017 3.86 
02000018 3.54 
02000019 4.14 
02000020 4.03 
02000021 3.57 
02000022 6.06 
02000023 4.38 
02000024 6.21 
02000025 3.11 
02000026 4.04 
02000027 2.82 
02000028 4.08 
02000029 2.7 
02000030 3.9 
02000031 2.85 
02000034 2.49 
02000035 3.72 
02000037 3.93 
02000038 3.81 
02000039 6.01 
02000040 3.88 
02000042 4.63 
02000044 4.15 
02000045 3.97 
02000046 4.11 
02000047 4.32 
02000049 3.56 
02000050 3.43 
02000051 5.45 
02000052 5.22 
02010001 5.83 
02010002 4.01 
02010005 4.38 
02010007 4.39 
02010011 3.39 
02010012 3.9 
02010013 3.66 
02010015 2.86 
02010019 3.83 
02010020 4.01 
02010021 3.19 
02010022 5.1 
02010023 3.13 
02010025 4.08 
02010026 4.07 
02010027 2.97 
02010037 3.06 
02010038 5.25 
02010039 5.86 
02010040 1.74 
02020001 3.18 
02020002 3.28 
02020003 5.72 
02020004 3.27 
02020005 3.46 
02030008 4.24 
02030009 3.14 
02030010 3.63 
02030011 3.37 
02030012 4.66 
02030013 5.38 
02030014 3.52 
02030015 4.99 
02030016 2.16 
02040001 5.54 
02040004 5.77 
02040005 2.01 
02040006 4.28 
02040007 4.95 
02040008 3.73 
02040009 6.5 
02040010 3.81 
02040011 3.15 
02040012 4.97 
02040013 3.43 
02040014 6.28 
02040015 6.28 
02040016 3.74 
02040017 4.81 
02040018 5.75 
02040019 1.03 
02040020 2.18 
02040021 4.49 
02050001 3.05 
02050002 2.95 
02050003 5.22 
02050004 3.97 
02050005 3.12 
02050006 4.96 
02050007 5.94 
02050008 4.47 
02410001 1.67 
02410002 1.2 
02410003 1.97 
02410004 2.1 
02410005 1.76 
02410006 1.95 
02410007 2.1 
02410008 1.33 
02410009 2.87 
02410010 2.53 
02410011 2.6 
02410012 3.72 
02410013 1.21 
02410014 5.37 
02410015 2.67 
02410016 1.18 
02410017 4.3 
02420001 1.9 
02420002 1.49 
02420003 1.42 
02420004 1.86 
02420005 1.3 
02420007 2.13 
02420008 1.37 
02420009 3 
02420010 2.29 
02420011 1.83 
02420012 1.88 
02420013 1.74 
02420014 1.17 
02420015 2.1 
02420016 1.36 
02420017 2.62 
02420018 2.41 
02420019 1.46 
02420020 2.77 
02420021 1.63 
02420022 2.86 
02420023 2.9 
02420024 3.09 
02420025 2.99 
02420026 1.71 
02420027 3.2 
02420028 3.61 
02420029 2.97 
02420030 2.31 
02420031 1.78 
02420032 1.37 
02420033 1.13 
02420034 1.95 
02420035 1.6 
02420036 1.93 
02420037 2.31 
02420038 1.33 
02420039 2.91 
02420040 5.28 
02420041 3.01 
02420042 3.08 
02420043 3.24 
02420044 1.38 
02420045 2.83 
02420046 3.22 
02420047 4.9 
02420048 2.72 
02420049 3.04 
02420050 5.78 
02420051 2.81 
02420052 3.24 
02420053 5.14 
02430001 1.77 
02430002 1.46 
02430003 1.13 
02430004 1.57 
02430005 1.43 
02430006 2.08 
02430007 2.06 
02430008 4.28 
02430009 1.71 
02430010 2.51 
02430011 3 
02430012 2.72 
02430013 3.19 
02430014 1.61 
02430015 2.92 
02430016 3.34 
02430017 5.28 
02430018 1.86 
02430019 1.41 
02430020 1.23 
02430021 1.91 
02430022 1.08 
02430023 2.39 
02430024 1.93 
02430025 1.3 
02430026 2.37 
02430027 2.1 
02430028 2.05 
02430029 4.5 
02430030 4.23 
02430031 3.29 
02430032 3.18 
02430033 4.83 
02430034 3.03 
02430035 3.57 
02430036 3.04 
02430037 1.41 
02430038 3.1 
02430039 3.33 
02430040 4.77 
02430041 3.15 
02430042 3.25 
02430043 2.98 
02430044 1.65 
02430045 4.62 
02430046 6.19 
02440001 1.82 
02440002 1.77 
02440003 1.45 
02440004 1.95 
02440005 1.84 
02440006 2.05 
02440007 2.36 
02440008 2.81 
02450001 2.58 
02450002 2.7 
02450003 2.58 
02450004 3.42 
02450005 3.04 
02450006 2.52 
02450007 2.54 
02450008 2.02 
02450009 3.96 
02450010 2.14 
02450011 2.46 
02450012 2.33 
02450013 1.66 
02450014 2.12 
02450015 2.78 
02450016 2.63 
02450017 2.48 
02450018 1.62 
02450019 1.7 
02450020 3.79 
02470001 2.31 
02470002 2.19 
02470003 2.12 
02470004 1.78 
02470005 2.71 
02470006 2.15 
02470007 5.45 
02470008 5.94 
02470009 2.16 
02470010 2.15 
02470011 2.13 
02470012 1.69 
02470013 2.17 
02470014 4.99 
02480001 3.97 
02480002 3.65 
02480003 4.71 
02480004 4.54 
02480005 3.75 
02480006 3.39 
02480007 4.35 
02480008 4.75 
02480009 4.54 
02480010 4.59 
02480011 3.88 
02480012 5.04 
02480013 3.95 
02480014 4.14 
02480015 3.93 
02480016 4.057375 
02490001 2.67 
02490002 2.67 
02490003 4.64 
02490004 2.71 
02490005 2.58 
02490006 6.73 
02490007 2.85 
02490008 2.74 
02490009 5.1 
02490010 3.28 
02490011 2.78 
02490012 5.65 
02490013 4.94 
02500001 4.69 
02500002 7.12 
02500003 7.39 
02500004 3.56 
02500005 3.2 
02500006 2.62 
02500007 2.21 
02510001 3.89 
02510002 2.02 
02510003 7.08 
02510004 4.71 
02510005 2.38 
02510006 5.91 
02510007 6.89 
02510008 5.69 
02510009 7.27 
02510010 6.33 
02510011 6.45 
02510012 3.87 
02510013 2.51 
02510014 7.22 
02510015 5.85 
02520001 2.65 
02520002 2.88 
02520003 3.03 
02520004 3.42 
02520005 3.2 
02520006 3.61 
02520007 3 
02520008 3.29 
02520009 3.27 
02520010 3.07 
02520011 2.88 
02520012 4.06 
02520013 3.09 
02520014 3.64 
02520015 3.11 
02520016 3.9 
02530001 3.62 
02530002 3.53 
02530003 2.62 
02530004 3.24 
02530005 1.56 
02530006 1.58 
02530007 3.54 
02530008 2.8 
02530009 3.06 
02540001 1.93 
02540002 2.45 
02540003 2.36 
02540004 2.57 
02540005 2.09 
02540006 2.02 
02540007 2.13 
02540008 2.51 
02540009 5.21 
02540010 5.76 
02540011 2.32 
02540012 4.76 
02540013 3.67 
02540014 2.53 
02540015 2.44 
02540016 4.19 
02540017 3.01 
02540018 2.78 
02540019 4.53 
02540020 3.28 
02540021 2.75 
02540022 6.77 
02540023 1.86 
02540024 2.99 
02540025 5.22 
02540026 1.99 
